1.600000000000000000e+01 2.922812500000000000e+02 7.847500000000000000e+02
2.400000000000000000e+01 2.944062500000000000e+02 8.100000000000000000e+02
2.500000000000000000e+01 2.967031250000000000e+02 7.670000000000000000e+02
2.400000000000000000e+01 2.990000000000000000e+02 7.270000000000000000e+02
2.600000000000000000e+01 3.009843750000000000e+02 6.917500000000000000e+02
2.100000000000000000e+01 3.032187500000000000e+02 6.612500000000000000e+02
2.400000000000000000e+01 3.055156250000000000e+02 6.327500000000000000e+02
2.500000000000000000e+01 3.077500000000000000e+02 6.095000000000000000e+02
2.500000000000000000e+01 3.104375000000000000e+02 5.140000000000000000e+02
2.300000000000000000e+01 3.125468750000000000e+02 5.327500000000000000e+02
2.700000000000000000e+01 3.145156250000000000e+02 5.385000000000000000e+02
2.500000000000000000e+01 3.166875000000000000e+02 5.362500000000000000e+02
2.600000000000000000e+01 3.190156250000000000e+02 5.212500000000000000e+02
2.700000000000000000e+01 3.211875000000000000e+02 5.085000000000000000e+02
2.800000000000000000e+01 3.234062500000000000e+02 4.980000000000000000e+02
2.600000000000000000e+01 3.259062500000000000e+02 4.890000000000000000e+02
3.000000000000000000e+01 3.281562500000000000e+02 4.802500000000000000e+02
2.700000000000000000e+01 3.302187500000000000e+02 4.727500000000000000e+02
2.700000000000000000e+01 3.326250000000000000e+02 4.665000000000000000e+02
2.900000000000000000e+01 3.346406250000000000e+02 4.602500000000000000e+02
2.500000000000000000e+01 3.367187500000000000e+02 4.562500000000000000e+02
2.900000000000000000e+01 3.390781250000000000e+02 4.512500000000000000e+02
2.200000000000000000e+01 3.412656250000000000e+02 4.472500000000000000e+02
2.100000000000000000e+01 3.435468750000000000e+02 4.452500000000000000e+02
2.600000000000000000e+01 3.455000000000000000e+02 4.430000000000000000e+02
3.300000000000000000e+01 3.478281250000000000e+02 4.415000000000000000e+02
3.300000000000000000e+01 3.501093750000000000e+02 4.407500000000000000e+02
2.600000000000000000e+01 3.521406250000000000e+02 4.400000000000000000e+02
3.300000000000000000e+01 3.544687500000000000e+02 4.412500000000000000e+02
3.300000000000000000e+01 3.564218750000000000e+02 4.427500000000000000e+02
2.200000000000000000e+01 3.584687500000000000e+02 4.445000000000000000e+02
2.200000000000000000e+01 6.250000000000000000e-01 4.467500000000000000e+02
2.600000000000000000e+01 2.828125000000000000e+00 4.497500000000000000e+02
2.600000000000000000e+01 5.125000000000000000e+00 4.540000000000000000e+02
2.900000000000000000e+01 7.140625000000000000e+00 4.590000000000000000e+02
2.800000000000000000e+01 9.093750000000000000e+00 4.642500000000000000e+02
2.500000000000000000e+01 1.120312500000000000e+01 4.697500000000000000e+02
2.800000000000000000e+01 1.359375000000000000e+01 4.762500000000000000e+02
2.900000000000000000e+01 1.575000000000000000e+01 4.837500000000000000e+02
2.800000000000000000e+01 1.776562500000000000e+01 4.920000000000000000e+02
2.600000000000000000e+01 1.985937500000000000e+01 5.017500000000000000e+02
2.800000000000000000e+01 2.204687500000000000e+01 5.120000000000000000e+02
2.200000000000000000e+01 2.409375000000000000e+01 5.245000000000000000e+02
2.500000000000000000e+01 2.604687500000000000e+01 5.385000000000000000e+02
2.200000000000000000e+01 2.896875000000000000e+01 4.445000000000000000e+02
1.100000000000000000e+01 3.103125000000000000e+01 4.545000000000000000e+02
1.100000000000000000e+01 3.312500000000000000e+01 4.710000000000000000e+02
1.100000000000000000e+01 3.509375000000000000e+01 4.887500000000000000e+02
1.000000000000000000e+01 3.715625000000000000e+01 5.045000000000000000e+02
1.000000000000000000e+01 3.921875000000000000e+01 5.282500000000000000e+02
9.000000000000000000e+00 4.142187500000000000e+01 5.465000000000000000e+02
9.000000000000000000e+00 4.334375000000000000e+01 5.825000000000000000e+02
9.000000000000000000e+00 4.751562500000000000e+01 6.425000000000000000e+02
9.000000000000000000e+00 4.942187500000000000e+01 6.815000000000000000e+02
9.000000000000000000e+00 5.143750000000000000e+01 7.202500000000000000e+02
9.000000000000000000e+00 5.357812500000000000e+01 7.745000000000000000e+02
2.700000000000000000e+01 6.606250000000000000e+01 1.120500000000000000e+03
2.800000000000000000e+01 6.820312500000000000e+01 1.107500000000000000e+03
3.100000000000000000e+01 7.037500000000000000e+01 1.098500000000000000e+03
3.100000000000000000e+01 7.260937500000000000e+01 1.090750000000000000e+03
2.600000000000000000e+01 7.470312500000000000e+01 1.086750000000000000e+03
3.400000000000000000e+01 7.687500000000000000e+01 1.078500000000000000e+03
3.400000000000000000e+01 7.906250000000000000e+01 1.077750000000000000e+03
3.400000000000000000e+01 8.128125000000000000e+01 1.076250000000000000e+03
3.300000000000000000e+01 8.340625000000000000e+01 1.074250000000000000e+03
3.400000000000000000e+01 8.556250000000000000e+01 1.076250000000000000e+03
3.400000000000000000e+01 8.779687500000000000e+01 1.079000000000000000e+03
2.600000000000000000e+01 8.992187500000000000e+01 1.083750000000000000e+03
2.600000000000000000e+01 9.209375000000000000e+01 1.088500000000000000e+03
3.100000000000000000e+01 9.425000000000000000e+01 1.095500000000000000e+03
3.000000000000000000e+01 9.637500000000000000e+01 1.101000000000000000e+03
2.800000000000000000e+01 9.859375000000000000e+01 1.114500000000000000e+03
2.600000000000000000e+01 1.007500000000000000e+02 1.124500000000000000e+03
2.500000000000000000e+01 1.028906250000000000e+02 1.139250000000000000e+03
1.700000000000000000e+01 1.050468750000000000e+02 1.158000000000000000e+03
2.000000000000000000e+01 1.072187500000000000e+02 1.174500000000000000e+03
2.900000000000000000e+01 1.090625000000000000e+02 1.360500000000000000e+03
2.800000000000000000e+01 1.111718750000000000e+02 1.382000000000000000e+03
2.800000000000000000e+01 1.133281250000000000e+02 1.416750000000000000e+03
3.100000000000000000e+01 1.154687500000000000e+02 1.461000000000000000e+03
2.600000000000000000e+01 1.175468750000000000e+02 1.498500000000000000e+03
3.000000000000000000e+01 1.197500000000000000e+02 1.546000000000000000e+03
2.500000000000000000e+01 1.218750000000000000e+02 1.585750000000000000e+03
2.500000000000000000e+01 1.239531250000000000e+02 1.653000000000000000e+03
2.800000000000000000e+01 1.261250000000000000e+02 1.713500000000000000e+03
2.300000000000000000e+01 1.282343750000000000e+02 1.778000000000000000e+03
2.700000000000000000e+01 1.303281250000000000e+02 1.856500000000000000e+03
2.600000000000000000e+01 1.324531250000000000e+02 1.942250000000000000e+03
2.600000000000000000e+01 1.345468750000000000e+02 2.043000000000000000e+03
1.400000000000000000e+01 1.368281250000000000e+02 1.694000000000000000e+03
1.400000000000000000e+01 1.390625000000000000e+02 1.646250000000000000e+03
1.100000000000000000e+01 1.412500000000000000e+02 1.604000000000000000e+03
1.400000000000000000e+01 1.434062500000000000e+02 1.574500000000000000e+03
1.800000000000000000e+01 1.455468750000000000e+02 1.543500000000000000e+03
1.700000000000000000e+01 1.477343750000000000e+02 1.522750000000000000e+03
9.000000000000000000e+00 1.498906250000000000e+02 1.523750000000000000e+03
1.600000000000000000e+01 1.520312500000000000e+02 1.476500000000000000e+03
1.800000000000000000e+01 1.542343750000000000e+02 1.461250000000000000e+03
9.000000000000000000e+00 1.564062500000000000e+02 1.666250000000000000e+03
1.000000000000000000e+01 1.647031250000000000e+02 2.716750000000000000e+03
1.800000000000000000e+01 1.671093750000000000e+02 1.971000000000000000e+03
2.400000000000000000e+01 1.692812500000000000e+02 1.878000000000000000e+03
2.900000000000000000e+01 1.714843750000000000e+02 1.835250000000000000e+03
2.400000000000000000e+01 1.736562500000000000e+02 1.817500000000000000e+03
2.800000000000000000e+01 1.819531250000000000e+02 2.926750000000000000e+03
2.900000000000000000e+01 1.841406250000000000e+02 2.945250000000000000e+03
2.800000000000000000e+01 1.862968750000000000e+02 2.972500000000000000e+03
9.000000000000000000e+00 1.989531250000000000e+02 5.927500000000000000e+02
2.100000000000000000e+01 2.014375000000000000e+02 5.305000000000000000e+02
2.400000000000000000e+01 2.037968750000000000e+02 5.087500000000000000e+02
2.700000000000000000e+01 2.061250000000000000e+02 4.962500000000000000e+02
2.600000000000000000e+01 2.086093750000000000e+02 4.867500000000000000e+02
9.000000000000000000e+00 2.114375000000000000e+02 4.007500000000000000e+02
1.000000000000000000e+01 2.133281250000000000e+02 4.100000000000000000e+02
1.200000000000000000e+01 2.153906250000000000e+02 4.120000000000000000e+02
1.100000000000000000e+01 2.176875000000000000e+02 4.130000000000000000e+02
2.700000000000000000e+01 2.237812500000000000e+02 4.855000000000000000e+02
2.700000000000000000e+01 2.257500000000000000e+02 4.930000000000000000e+02
2.900000000000000000e+01 2.279531250000000000e+02 4.965000000000000000e+02
2.700000000000000000e+01 2.299531250000000000e+02 4.995000000000000000e+02
2.700000000000000000e+01 2.322343750000000000e+02 5.030000000000000000e+02
2.500000000000000000e+01 2.343125000000000000e+02 5.102500000000000000e+02
2.500000000000000000e+01 2.365781250000000000e+02 5.182500000000000000e+02
2.400000000000000000e+01 2.386718750000000000e+02 5.305000000000000000e+02
2.100000000000000000e+01 2.406718750000000000e+02 5.487500000000000000e+02
2.500000000000000000e+01 2.429218750000000000e+02 5.667500000000000000e+02
1.400000000000000000e+01 2.449218750000000000e+02 5.932500000000000000e+02
2.400000000000000000e+01 2.470312500000000000e+02 6.230000000000000000e+02
1.800000000000000000e+01 2.490937500000000000e+02 6.452500000000000000e+02
1.600000000000000000e+01 2.509687500000000000e+02 6.785000000000000000e+02
1.900000000000000000e+01 2.531562500000000000e+02 7.160000000000000000e+02
1.400000000000000000e+01 2.550937500000000000e+02 7.490000000000000000e+02
3.200000000000000000e+01 2.645312500000000000e+02 2.949500000000000000e+03
3.200000000000000000e+01 2.666875000000000000e+02 2.955000000000000000e+03
3.200000000000000000e+01 2.688437500000000000e+02 2.972250000000000000e+03
1.200000000000000000e+01 2.711250000000000000e+02 2.559500000000000000e+03
1.300000000000000000e+01 2.734218750000000000e+02 2.078500000000000000e+03
1.500000000000000000e+01 2.757343750000000000e+02 1.756750000000000000e+03
1.000000000000000000e+01 2.822656250000000000e+02 1.689750000000000000e+03
9.000000000000000000e+00 2.895781250000000000e+02 8.412500000000000000e+02
2.400000000000000000e+01 2.920000000000000000e+02 7.812500000000000000e+02
1.900000000000000000e+01 2.940937500000000000e+02 8.110000000000000000e+02
2.200000000000000000e+01 2.963593750000000000e+02 7.715000000000000000e+02
1.900000000000000000e+01 2.985156250000000000e+02 7.312500000000000000e+02
2.700000000000000000e+01 3.007187500000000000e+02 6.965000000000000000e+02
2.500000000000000000e+01 3.029375000000000000e+02 6.642500000000000000e+02
2.500000000000000000e+01 3.052343750000000000e+02 6.370000000000000000e+02
2.600000000000000000e+01 3.073750000000000000e+02 6.117500000000000000e+02
1.500000000000000000e+01 3.101093750000000000e+02 5.072500000000000000e+02
2.300000000000000000e+01 3.120468750000000000e+02 5.292500000000000000e+02
2.300000000000000000e+01 3.141250000000000000e+02 5.385000000000000000e+02
2.400000000000000000e+01 3.162812500000000000e+02 5.372500000000000000e+02
2.300000000000000000e+01 3.187187500000000000e+02 5.237500000000000000e+02
2.300000000000000000e+01 3.207343750000000000e+02 5.085000000000000000e+02
2.700000000000000000e+01 3.231562500000000000e+02 5.005000000000000000e+02
2.900000000000000000e+01 3.255000000000000000e+02 4.902500000000000000e+02
2.900000000000000000e+01 3.277656250000000000e+02 4.807500000000000000e+02
2.700000000000000000e+01 3.297968750000000000e+02 4.742500000000000000e+02
2.700000000000000000e+01 3.320156250000000000e+02 4.677500000000000000e+02
2.400000000000000000e+01 3.342187500000000000e+02 4.615000000000000000e+02
2.500000000000000000e+01 3.365468750000000000e+02 4.565000000000000000e+02
2.900000000000000000e+01 3.387187500000000000e+02 4.520000000000000000e+02
2.600000000000000000e+01 3.409218750000000000e+02 4.487500000000000000e+02
2.200000000000000000e+01 3.429843750000000000e+02 4.450000000000000000e+02
3.300000000000000000e+01 3.452187500000000000e+02 4.425000000000000000e+02
3.300000000000000000e+01 3.473281250000000000e+02 4.412500000000000000e+02
1.900000000000000000e+01 3.498125000000000000e+02 4.387500000000000000e+02
2.500000000000000000e+01 3.517343750000000000e+02 4.402500000000000000e+02
3.300000000000000000e+01 3.539375000000000000e+02 4.407500000000000000e+02
3.300000000000000000e+01 3.562187500000000000e+02 4.420000000000000000e+02
2.600000000000000000e+01 3.582968750000000000e+02 4.437500000000000000e+02
2.100000000000000000e+01 3.437500000000000000e-01 4.462500000000000000e+02
2.600000000000000000e+01 2.359375000000000000e+00 4.495000000000000000e+02
2.600000000000000000e+01 4.609375000000000000e+00 4.535000000000000000e+02
2.500000000000000000e+01 6.734375000000000000e+00 4.577500000000000000e+02
2.400000000000000000e+01 8.828125000000000000e+00 4.630000000000000000e+02
2.600000000000000000e+01 1.115625000000000000e+01 4.692500000000000000e+02
2.900000000000000000e+01 1.303125000000000000e+01 4.755000000000000000e+02
2.900000000000000000e+01 1.520312500000000000e+01 4.820000000000000000e+02
2.900000000000000000e+01 1.729687500000000000e+01 4.915000000000000000e+02
2.600000000000000000e+01 1.937500000000000000e+01 5.005000000000000000e+02
2.500000000000000000e+01 2.157812500000000000e+01 5.097500000000000000e+02
2.500000000000000000e+01 2.351562500000000000e+01 5.230000000000000000e+02
2.400000000000000000e+01 2.585937500000000000e+01 5.350000000000000000e+02
2.300000000000000000e+01 2.865625000000000000e+01 4.410000000000000000e+02
1.200000000000000000e+01 3.045312500000000000e+01 4.547500000000000000e+02
1.200000000000000000e+01 3.278125000000000000e+01 4.685000000000000000e+02
1.100000000000000000e+01 3.473437500000000000e+01 4.845000000000000000e+02
1.000000000000000000e+01 3.664062500000000000e+01 5.015000000000000000e+02
1.000000000000000000e+01 3.882812500000000000e+01 5.200000000000000000e+02
9.000000000000000000e+00 4.089062500000000000e+01 5.432500000000000000e+02
1.000000000000000000e+01 4.300000000000000000e+01 5.800000000000000000e+02
9.000000000000000000e+00 4.517187500000000000e+01 5.955000000000000000e+02
9.000000000000000000e+00 4.698437500000000000e+01 6.352500000000000000e+02
9.000000000000000000e+00 4.907812500000000000e+01 6.782500000000000000e+02
9.000000000000000000e+00 5.123437500000000000e+01 7.190000000000000000e+02
1.000000000000000000e+01 6.345312500000000000e+01 1.153250000000000000e+03
2.300000000000000000e+01 6.562500000000000000e+01 1.120000000000000000e+03
2.800000000000000000e+01 6.784375000000000000e+01 1.108250000000000000e+03
3.100000000000000000e+01 7.000000000000000000e+01 1.101500000000000000e+03
3.100000000000000000e+01 7.215625000000000000e+01 1.091250000000000000e+03
2.600000000000000000e+01 7.439062500000000000e+01 1.086500000000000000e+03
3.400000000000000000e+01 7.659375000000000000e+01 1.081000000000000000e+03
3.400000000000000000e+01 7.878125000000000000e+01 1.078250000000000000e+03
3.400000000000000000e+01 8.092187500000000000e+01 1.077750000000000000e+03
3.400000000000000000e+01 8.312500000000000000e+01 1.074000000000000000e+03
3.400000000000000000e+01 8.525000000000000000e+01 1.074500000000000000e+03
3.400000000000000000e+01 8.742187500000000000e+01 1.079500000000000000e+03
3.400000000000000000e+01 8.951562500000000000e+01 1.081000000000000000e+03
2.600000000000000000e+01 9.168750000000000000e+01 1.086500000000000000e+03
3.100000000000000000e+01 9.390625000000000000e+01 1.092500000000000000e+03
3.100000000000000000e+01 9.604687500000000000e+01 1.102750000000000000e+03
3.000000000000000000e+01 9.818750000000000000e+01 1.108500000000000000e+03
2.600000000000000000e+01 1.003593750000000000e+02 1.124250000000000000e+03
2.700000000000000000e+01 1.025156250000000000e+02 1.137750000000000000e+03
2.000000000000000000e+01 1.046718750000000000e+02 1.156250000000000000e+03
2.400000000000000000e+01 1.067812500000000000e+02 1.174500000000000000e+03
3.000000000000000000e+01 1.087031250000000000e+02 1.355000000000000000e+03
2.800000000000000000e+01 1.108125000000000000e+02 1.376250000000000000e+03
2.900000000000000000e+01 1.129687500000000000e+02 1.410250000000000000e+03
3.100000000000000000e+01 1.150937500000000000e+02 1.451250000000000000e+03
2.600000000000000000e+01 1.172031250000000000e+02 1.492000000000000000e+03
3.100000000000000000e+01 1.193593750000000000e+02 1.537750000000000000e+03
2.500000000000000000e+01 1.214843750000000000e+02 1.585250000000000000e+03
2.500000000000000000e+01 1.235781250000000000e+02 1.637500000000000000e+03
2.700000000000000000e+01 1.257187500000000000e+02 1.699250000000000000e+03
2.400000000000000000e+01 1.278593750000000000e+02 1.768500000000000000e+03
3.000000000000000000e+01 1.299375000000000000e+02 1.843500000000000000e+03
2.500000000000000000e+01 1.320312500000000000e+02 1.932750000000000000e+03
2.700000000000000000e+01 1.341718750000000000e+02 2.028250000000000000e+03
1.500000000000000000e+01 1.364687500000000000e+02 1.696750000000000000e+03
1.400000000000000000e+01 1.386093750000000000e+02 1.658500000000000000e+03
9.000000000000000000e+00 1.476718750000000000e+02 2.150000000000000000e+02
1.500000000000000000e+01 1.429687500000000000e+02 1.584750000000000000e+03
1.600000000000000000e+01 1.451718750000000000e+02 1.545250000000000000e+03
1.700000000000000000e+01 1.473437500000000000e+02 1.526500000000000000e+03
1.700000000000000000e+01 1.516562500000000000e+02 1.477250000000000000e+03
1.200000000000000000e+01 1.538593750000000000e+02 1.462750000000000000e+03
2.100000000000000000e+01 1.580781250000000000e+02 1.861500000000000000e+03
2.200000000000000000e+01 1.642968750000000000e+02 2.892000000000000000e+03
2.200000000000000000e+01 1.664687500000000000e+02 2.890000000000000000e+03
2.400000000000000000e+01 1.688906250000000000e+02 1.892500000000000000e+03
2.800000000000000000e+01 1.710625000000000000e+02 1.837750000000000000e+03
2.400000000000000000e+01 1.732187500000000000e+02 1.816250000000000000e+03
2.700000000000000000e+01 1.815312500000000000e+02 2.922250000000000000e+03
2.800000000000000000e+01 1.837031250000000000e+02 2.938250000000000000e+03
2.800000000000000000e+01 1.858593750000000000e+02 2.959500000000000000e+03
1.500000000000000000e+01 1.967500000000000000e+02 2.660500000000000000e+03
1.800000000000000000e+01 2.010156250000000000e+02 5.420000000000000000e+02
2.200000000000000000e+01 2.034531250000000000e+02 5.127500000000000000e+02
2.500000000000000000e+01 2.056718750000000000e+02 4.990000000000000000e+02
2.500000000000000000e+01 2.080156250000000000e+02 4.895000000000000000e+02
9.000000000000000000e+00 2.106718750000000000e+02 4.090000000000000000e+02
1.000000000000000000e+01 2.129843750000000000e+02 4.120000000000000000e+02
1.200000000000000000e+01 2.149687500000000000e+02 4.120000000000000000e+02
1.100000000000000000e+01 2.173750000000000000e+02 4.117500000000000000e+02
2.700000000000000000e+01 2.232968750000000000e+02 4.857500000000000000e+02
2.200000000000000000e+01 2.255156250000000000e+02 4.900000000000000000e+02
3.000000000000000000e+01 2.275625000000000000e+02 4.970000000000000000e+02
2.600000000000000000e+01 2.298125000000000000e+02 4.985000000000000000e+02
3.000000000000000000e+01 2.318125000000000000e+02 5.030000000000000000e+02
2.600000000000000000e+01 2.340781250000000000e+02 5.095000000000000000e+02
2.600000000000000000e+01 2.361562500000000000e+02 5.172500000000000000e+02
2.400000000000000000e+01 2.381562500000000000e+02 5.287500000000000000e+02
2.300000000000000000e+01 2.402343750000000000e+02 5.442500000000000000e+02
2.300000000000000000e+01 2.422812500000000000e+02 5.645000000000000000e+02
1.600000000000000000e+01 2.443281250000000000e+02 5.852500000000000000e+02
2.500000000000000000e+01 2.465625000000000000e+02 6.182500000000000000e+02
1.900000000000000000e+01 2.486093750000000000e+02 6.387500000000000000e+02
1.800000000000000000e+01 2.505937500000000000e+02 6.730000000000000000e+02
2.100000000000000000e+01 2.526875000000000000e+02 7.087500000000000000e+02
2.000000000000000000e+01 2.546406250000000000e+02 7.402500000000000000e+02
1.300000000000000000e+01 2.640781250000000000e+02 2.941500000000000000e+03
3.200000000000000000e+01 2.662656250000000000e+02 2.960250000000000000e+03
3.000000000000000000e+01 2.684218750000000000e+02 2.957750000000000000e+03
1.200000000000000000e+01 2.706093750000000000e+02 2.699750000000000000e+03
1.400000000000000000e+01 2.729375000000000000e+02 2.167000000000000000e+03
1.400000000000000000e+01 2.752500000000000000e+02 1.814500000000000000e+03
9.000000000000000000e+00 2.824687500000000000e+02 9.595000000000000000e+02
1.300000000000000000e+01 2.914687500000000000e+02 7.777500000000000000e+02
1.000000000000000000e+01 2.935625000000000000e+02 8.002500000000000000e+02
2.400000000000000000e+01 3.001718750000000000e+02 7.042500000000000000e+02
2.500000000000000000e+01 3.024375000000000000e+02 6.735000000000000000e+02
2.600000000000000000e+01 3.046875000000000000e+02 6.430000000000000000e+02
2.900000000000000000e+01 3.069375000000000000e+02 6.172500000000000000e+02
1.500000000000000000e+01 3.097500000000000000e+02 5.057500000000000000e+02
2.000000000000000000e+01 3.116250000000000000e+02 5.232500000000000000e+02
1.600000000000000000e+01 3.138437500000000000e+02 5.397500000000000000e+02
2.600000000000000000e+01 3.160000000000000000e+02 5.412500000000000000e+02
2.700000000000000000e+01 3.182031250000000000e+02 5.265000000000000000e+02
2.000000000000000000e+01 3.201875000000000000e+02 5.190000000000000000e+02
2.600000000000000000e+01 3.225468750000000000e+02 5.020000000000000000e+02
2.900000000000000000e+01 3.249531250000000000e+02 4.925000000000000000e+02
3.000000000000000000e+01 3.271875000000000000e+02 4.837500000000000000e+02
2.800000000000000000e+01 3.292187500000000000e+02 4.760000000000000000e+02
2.700000000000000000e+01 3.317500000000000000e+02 4.682500000000000000e+02
2.400000000000000000e+01 3.337187500000000000e+02 4.627500000000000000e+02
2.500000000000000000e+01 3.360781250000000000e+02 4.572500000000000000e+02
2.900000000000000000e+01 3.383125000000000000e+02 4.522500000000000000e+02
2.600000000000000000e+01 3.403281250000000000e+02 4.487500000000000000e+02
2.200000000000000000e+01 3.427656250000000000e+02 4.450000000000000000e+02
2.700000000000000000e+01 3.446875000000000000e+02 4.432500000000000000e+02
3.300000000000000000e+01 3.470781250000000000e+02 4.415000000000000000e+02
2.600000000000000000e+01 3.513593750000000000e+02 4.402500000000000000e+02
3.300000000000000000e+01 3.535468750000000000e+02 4.410000000000000000e+02
3.300000000000000000e+01 3.553906250000000000e+02 4.425000000000000000e+02
2.600000000000000000e+01 3.579062500000000000e+02 4.430000000000000000e+02
2.100000000000000000e+01 3.597343750000000000e+02 4.457500000000000000e+02
2.600000000000000000e+01 2.140625000000000000e+00 4.492500000000000000e+02
3.000000000000000000e+01 4.312500000000000000e+00 4.520000000000000000e+02
2.500000000000000000e+01 6.375000000000000000e+00 4.565000000000000000e+02
2.400000000000000000e+01 8.500000000000000000e+00 4.620000000000000000e+02
2.700000000000000000e+01 1.046875000000000000e+01 4.675000000000000000e+02
2.700000000000000000e+01 1.250000000000000000e+01 4.740000000000000000e+02
3.000000000000000000e+01 1.467187500000000000e+01 4.810000000000000000e+02
2.700000000000000000e+01 1.701562500000000000e+01 4.890000000000000000e+02
2.900000000000000000e+01 1.907812500000000000e+01 4.970000000000000000e+02
2.700000000000000000e+01 2.114062500000000000e+01 5.080000000000000000e+02
2.600000000000000000e+01 2.312500000000000000e+01 5.192500000000000000e+02
2.700000000000000000e+01 2.523437500000000000e+01 5.325000000000000000e+02
9.000000000000000000e+00 2.776562500000000000e+01 4.500000000000000000e+02
1.300000000000000000e+01 3.028125000000000000e+01 4.510000000000000000e+02
1.000000000000000000e+01 3.204687500000000000e+01 4.647500000000000000e+02
1.100000000000000000e+01 3.434375000000000000e+01 4.817500000000000000e+02
1.000000000000000000e+01 3.635937500000000000e+01 4.987500000000000000e+02
1.000000000000000000e+01 3.831250000000000000e+01 5.185000000000000000e+02
1.000000000000000000e+01 4.053125000000000000e+01 5.380000000000000000e+02
9.000000000000000000e+00 4.256250000000000000e+01 5.705000000000000000e+02
9.000000000000000000e+00 4.457812500000000000e+01 5.990000000000000000e+02
9.000000000000000000e+00 4.648437500000000000e+01 6.327500000000000000e+02
9.000000000000000000e+00 5.070312500000000000e+01 7.050000000000000000e+02
2.800000000000000000e+01 6.728125000000000000e+01 1.115000000000000000e+03
2.900000000000000000e+01 6.943750000000000000e+01 1.101750000000000000e+03
3.100000000000000000e+01 7.160937500000000000e+01 1.095000000000000000e+03
2.600000000000000000e+01 7.384375000000000000e+01 1.087000000000000000e+03
2.600000000000000000e+01 7.598437500000000000e+01 1.083500000000000000e+03
3.400000000000000000e+01 7.820312500000000000e+01 1.076500000000000000e+03
3.400000000000000000e+01 8.034375000000000000e+01 1.076000000000000000e+03
3.400000000000000000e+01 8.253125000000000000e+01 1.075750000000000000e+03
3.400000000000000000e+01 8.467187500000000000e+01 1.077500000000000000e+03
3.400000000000000000e+01 8.684375000000000000e+01 1.078250000000000000e+03
3.400000000000000000e+01 8.893750000000000000e+01 1.080750000000000000e+03
2.600000000000000000e+01 9.118750000000000000e+01 1.085250000000000000e+03
3.100000000000000000e+01 9.335937500000000000e+01 1.091500000000000000e+03
3.100000000000000000e+01 9.543750000000000000e+01 1.098250000000000000e+03
3.000000000000000000e+01 9.762500000000000000e+01 1.108250000000000000e+03
2.700000000000000000e+01 9.976562500000000000e+01 1.119250000000000000e+03
2.800000000000000000e+01 1.019687500000000000e+02 1.134250000000000000e+03
2.000000000000000000e+01 1.041250000000000000e+02 1.147500000000000000e+03
2.300000000000000000e+01 1.062812500000000000e+02 1.166500000000000000e+03
3.000000000000000000e+01 1.081250000000000000e+02 1.348750000000000000e+03
2.800000000000000000e+01 1.102500000000000000e+02 1.370750000000000000e+03
2.900000000000000000e+01 1.123593750000000000e+02 1.401000000000000000e+03
3.100000000000000000e+01 1.145156250000000000e+02 1.442000000000000000e+03
2.900000000000000000e+01 1.166562500000000000e+02 1.482250000000000000e+03
2.500000000000000000e+01 1.187656250000000000e+02 1.524250000000000000e+03
3.000000000000000000e+01 1.208750000000000000e+02 1.573250000000000000e+03
2.800000000000000000e+01 1.230312500000000000e+02 1.616750000000000000e+03
2.800000000000000000e+01 1.251406250000000000e+02 1.681500000000000000e+03
2.300000000000000000e+01 1.272968750000000000e+02 1.746500000000000000e+03
2.900000000000000000e+01 1.293906250000000000e+02 1.823750000000000000e+03
2.400000000000000000e+01 1.314531250000000000e+02 1.904750000000000000e+03
2.700000000000000000e+01 1.335625000000000000e+02 2.007250000000000000e+03
1.400000000000000000e+01 1.358437500000000000e+02 1.711250000000000000e+03
1.500000000000000000e+01 1.380468750000000000e+02 1.664500000000000000e+03
1.500000000000000000e+01 1.423750000000000000e+02 1.588750000000000000e+03
1.800000000000000000e+01 1.445468750000000000e+02 1.556250000000000000e+03
1.500000000000000000e+01 1.467187500000000000e+02 1.527500000000000000e+03
1.500000000000000000e+01 1.488906250000000000e+02 1.494250000000000000e+03
1.600000000000000000e+01 1.510468750000000000e+02 1.484500000000000000e+03
1.800000000000000000e+01 1.532500000000000000e+02 1.462500000000000000e+03
9.000000000000000000e+00 1.574687500000000000e+02 1.803000000000000000e+03
2.800000000000000000e+01 1.637187500000000000e+02 2.906500000000000000e+03
1.000000000000000000e+01 1.659062500000000000e+02 2.705000000000000000e+03
1.900000000000000000e+01 1.682656250000000000e+02 1.916750000000000000e+03
2.800000000000000000e+01 1.704531250000000000e+02 1.854250000000000000e+03
2.400000000000000000e+01 1.726718750000000000e+02 1.815250000000000000e+03
2.800000000000000000e+01 1.831250000000000000e+02 2.932750000000000000e+03
3.000000000000000000e+01 1.852500000000000000e+02 2.956250000000000000e+03
1.100000000000000000e+01 1.961250000000000000e+02 2.657250000000000000e+03
1.400000000000000000e+01 2.004062500000000000e+02 5.540000000000000000e+02
2.100000000000000000e+01 2.026250000000000000e+02 5.187500000000000000e+02
2.500000000000000000e+01 2.050312500000000000e+02 5.022500000000000000e+02
2.800000000000000000e+01 2.073906250000000000e+02 4.917500000000000000e+02
1.000000000000000000e+01 2.123125000000000000e+02 4.120000000000000000e+02
1.100000000000000000e+01 2.144843750000000000e+02 4.100000000000000000e+02
1.100000000000000000e+01 2.166406250000000000e+02 4.100000000000000000e+02
1.000000000000000000e+01 2.188906250000000000e+02 4.120000000000000000e+02
2.800000000000000000e+01 2.227812500000000000e+02 4.855000000000000000e+02
2.700000000000000000e+01 2.248750000000000000e+02 4.865000000000000000e+02
3.100000000000000000e+01 2.270468750000000000e+02 4.962500000000000000e+02
2.900000000000000000e+01 2.292031250000000000e+02 4.982500000000000000e+02
2.700000000000000000e+01 2.313125000000000000e+02 5.015000000000000000e+02
2.700000000000000000e+01 2.334687500000000000e+02 5.072500000000000000e+02
2.600000000000000000e+01 2.354531250000000000e+02 5.147500000000000000e+02
2.000000000000000000e+01 2.375312500000000000e+02 5.247500000000000000e+02
2.100000000000000000e+01 2.396718750000000000e+02 5.395000000000000000e+02
2.300000000000000000e+01 2.416875000000000000e+02 5.600000000000000000e+02
1.900000000000000000e+01 2.439375000000000000e+02 5.767500000000000000e+02
1.900000000000000000e+01 2.459687500000000000e+02 6.112500000000000000e+02
2.400000000000000000e+01 2.479531250000000000e+02 6.332500000000000000e+02
1.700000000000000000e+01 2.500000000000000000e+02 6.632500000000000000e+02
2.000000000000000000e+01 2.520781250000000000e+02 7.047500000000000000e+02
2.100000000000000000e+01 2.540625000000000000e+02 7.327500000000000000e+02
3.200000000000000000e+01 2.634531250000000000e+02 2.949000000000000000e+03
3.200000000000000000e+01 2.656406250000000000e+02 2.951500000000000000e+03
3.000000000000000000e+01 2.677812500000000000e+02 2.958250000000000000e+03
1.300000000000000000e+01 2.722656250000000000e+02 2.292000000000000000e+03
1.400000000000000000e+01 2.745625000000000000e+02 1.901250000000000000e+03
9.000000000000000000e+00 2.768906250000000000e+02 1.659250000000000000e+03
9.000000000000000000e+00 2.885312500000000000e+02 8.687500000000000000e+02
1.700000000000000000e+01 2.930625000000000000e+02 7.877500000000000000e+02
2.000000000000000000e+01 2.951406250000000000e+02 7.970000000000000000e+02
1.900000000000000000e+01 2.997187500000000000e+02 7.085000000000000000e+02
2.200000000000000000e+01 3.017187500000000000e+02 6.810000000000000000e+02
2.500000000000000000e+01 3.039843750000000000e+02 6.500000000000000000e+02
2.700000000000000000e+01 3.062187500000000000e+02 6.250000000000000000e+02
2.400000000000000000e+01 3.084687500000000000e+02 6.027500000000000000e+02
2.900000000000000000e+01 3.110937500000000000e+02 5.175000000000000000e+02
1.800000000000000000e+01 3.132187500000000000e+02 5.477500000000000000e+02
2.300000000000000000e+01 3.152343750000000000e+02 5.407500000000000000e+02
2.600000000000000000e+01 3.176250000000000000e+02 5.305000000000000000e+02
2.800000000000000000e+01 3.196406250000000000e+02 5.170000000000000000e+02
1.300000000000000000e+01 3.218750000000000000e+02 5.047500000000000000e+02
2.800000000000000000e+01 3.240937500000000000e+02 4.950000000000000000e+02
2.700000000000000000e+01 3.267031250000000000e+02 4.850000000000000000e+02
3.000000000000000000e+01 3.287500000000000000e+02 4.777500000000000000e+02
2.800000000000000000e+01 3.308281250000000000e+02 4.712500000000000000e+02
2.800000000000000000e+01 3.331406250000000000e+02 4.645000000000000000e+02
2.900000000000000000e+01 3.354218750000000000e+02 4.587500000000000000e+02
2.600000000000000000e+01 3.375937500000000000e+02 4.545000000000000000e+02
2.600000000000000000e+01 3.397500000000000000e+02 4.500000000000000000e+02
2.300000000000000000e+01 3.418125000000000000e+02 4.467500000000000000e+02
2.700000000000000000e+01 3.443281250000000000e+02 4.437500000000000000e+02
3.400000000000000000e+01 3.461875000000000000e+02 4.422500000000000000e+02
1.600000000000000000e+01 3.487031250000000000e+02 4.442500000000000000e+02
3.400000000000000000e+01 3.507031250000000000e+02 4.407500000000000000e+02
3.400000000000000000e+01 3.529218750000000000e+02 4.410000000000000000e+02
3.200000000000000000e+01 3.548593750000000000e+02 4.420000000000000000e+02
3.400000000000000000e+01 3.571093750000000000e+02 4.427500000000000000e+02
2.200000000000000000e+01 3.592031250000000000e+02 4.450000000000000000e+02
2.300000000000000000e+01 1.328125000000000000e+00 4.470000000000000000e+02
2.900000000000000000e+01 3.609375000000000000e+00 4.515000000000000000e+02
2.600000000000000000e+01 5.578125000000000000e+00 4.555000000000000000e+02
2.800000000000000000e+01 7.828125000000000000e+00 4.602500000000000000e+02
2.900000000000000000e+01 1.007812500000000000e+01 4.652500000000000000e+02
2.700000000000000000e+01 1.209375000000000000e+01 4.717500000000000000e+02
2.900000000000000000e+01 1.414062500000000000e+01 4.790000000000000000e+02
2.600000000000000000e+01 1.640625000000000000e+01 4.865000000000000000e+02
3.000000000000000000e+01 1.834375000000000000e+01 4.950000000000000000e+02
2.800000000000000000e+01 2.053125000000000000e+01 5.052500000000000000e+02
2.700000000000000000e+01 2.251562500000000000e+01 5.160000000000000000e+02
2.600000000000000000e+01 2.457812500000000000e+01 5.287500000000000000e+02
9.000000000000000000e+00 2.700000000000000000e+01 4.695000000000000000e+02
1.100000000000000000e+01 2.964062500000000000e+01 4.475000000000000000e+02
1.100000000000000000e+01 3.157812500000000000e+01 4.582500000000000000e+02
1.100000000000000000e+01 3.351562500000000000e+01 4.747500000000000000e+02
9.000000000000000000e+00 3.573437500000000000e+01 4.910000000000000000e+02
1.000000000000000000e+01 3.776562500000000000e+01 5.122500000000000000e+02
9.000000000000000000e+00 4.001562500000000000e+01 5.297500000000000000e+02
1.100000000000000000e+01 4.185937500000000000e+01 5.652500000000000000e+02
1.000000000000000000e+01 4.401562500000000000e+01 5.925000000000000000e+02
9.000000000000000000e+00 4.596875000000000000e+01 5.957500000000000000e+02
9.000000000000000000e+00 4.798437500000000000e+01 6.555000000000000000e+02
9.000000000000000000e+00 5.418750000000000000e+01 7.895000000000000000e+02
9.000000000000000000e+00 5.618750000000000000e+01 8.435000000000000000e+02
2.700000000000000000e+01 6.670312500000000000e+01 1.116250000000000000e+03
2.900000000000000000e+01 6.882812500000000000e+01 1.105000000000000000e+03
3.100000000000000000e+01 7.109375000000000000e+01 1.094250000000000000e+03
2.600000000000000000e+01 7.325000000000000000e+01 1.088250000000000000e+03
3.400000000000000000e+01 7.540625000000000000e+01 1.083000000000000000e+03
3.400000000000000000e+01 7.754687500000000000e+01 1.081250000000000000e+03
3.400000000000000000e+01 7.971875000000000000e+01 1.076250000000000000e+03
3.400000000000000000e+01 8.193750000000000000e+01 1.074000000000000000e+03
3.400000000000000000e+01 8.406250000000000000e+01 1.073500000000000000e+03
3.400000000000000000e+01 8.626562500000000000e+01 1.078000000000000000e+03
3.400000000000000000e+01 8.845312500000000000e+01 1.079500000000000000e+03
2.600000000000000000e+01 9.056250000000000000e+01 1.083250000000000000e+03
2.600000000000000000e+01 9.271875000000000000e+01 1.088500000000000000e+03
3.100000000000000000e+01 9.489062500000000000e+01 1.095750000000000000e+03
3.000000000000000000e+01 9.703125000000000000e+01 1.104500000000000000e+03
2.800000000000000000e+01 9.917187500000000000e+01 1.118000000000000000e+03
2.900000000000000000e+01 1.013750000000000000e+02 1.130000000000000000e+03
2.400000000000000000e+01 1.035468750000000000e+02 1.143000000000000000e+03
1.800000000000000000e+01 1.056093750000000000e+02 1.162250000000000000e+03
1.700000000000000000e+01 1.075156250000000000e+02 1.352750000000000000e+03
2.900000000000000000e+01 1.097031250000000000e+02 1.364750000000000000e+03
3.000000000000000000e+01 1.117656250000000000e+02 1.393250000000000000e+03
2.300000000000000000e+01 1.139687500000000000e+02 1.394250000000000000e+03
3.000000000000000000e+01 1.160625000000000000e+02 1.467000000000000000e+03
2.500000000000000000e+01 1.182031250000000000e+02 1.511500000000000000e+03
3.100000000000000000e+01 1.203437500000000000e+02 1.559750000000000000e+03
2.800000000000000000e+01 1.224375000000000000e+02 1.600750000000000000e+03
2.900000000000000000e+01 1.245468750000000000e+02 1.670250000000000000e+03
2.600000000000000000e+01 1.267343750000000000e+02 1.726750000000000000e+03
2.700000000000000000e+01 1.288437500000000000e+02 1.813250000000000000e+03
2.600000000000000000e+01 1.308906250000000000e+02 1.879750000000000000e+03
2.400000000000000000e+01 1.330312500000000000e+02 1.982750000000000000e+03
1.200000000000000000e+01 1.352968750000000000e+02 1.721250000000000000e+03
1.600000000000000000e+01 1.374843750000000000e+02 1.678250000000000000e+03
1.500000000000000000e+01 1.396250000000000000e+02 1.636250000000000000e+03
1.500000000000000000e+01 1.418125000000000000e+02 1.602500000000000000e+03
1.500000000000000000e+01 1.439843750000000000e+02 1.567500000000000000e+03
1.800000000000000000e+01 1.461718750000000000e+02 1.539750000000000000e+03
1.500000000000000000e+01 1.483125000000000000e+02 1.514500000000000000e+03
1.600000000000000000e+01 1.504531250000000000e+02 1.490500000000000000e+03
1.800000000000000000e+01 1.526718750000000000e+02 1.470250000000000000e+03
1.000000000000000000e+01 1.547968750000000000e+02 1.512750000000000000e+03
9.000000000000000000e+00 1.569375000000000000e+02 1.732750000000000000e+03
2.700000000000000000e+01 1.630937500000000000e+02 2.906250000000000000e+03
1.200000000000000000e+01 1.652968750000000000e+02 2.703000000000000000e+03
2.200000000000000000e+01 1.676718750000000000e+02 1.937750000000000000e+03
2.500000000000000000e+01 1.698593750000000000e+02 1.861250000000000000e+03
2.900000000000000000e+01 1.720625000000000000e+02 1.821500000000000000e+03
1.900000000000000000e+01 1.742343750000000000e+02 1.816750000000000000e+03
2.800000000000000000e+01 1.825312500000000000e+02 2.931250000000000000e+03
2.900000000000000000e+01 1.847031250000000000e+02 2.948500000000000000e+03
9.000000000000000000e+00 1.906250000000000000e+02 6.792500000000000000e+02
1.600000000000000000e+01 1.997031250000000000e+02 5.637500000000000000e+02
2.000000000000000000e+01 2.022187500000000000e+02 5.242500000000000000e+02
2.700000000000000000e+01 2.044218750000000000e+02 5.037500000000000000e+02
2.800000000000000000e+01 2.067968750000000000e+02 4.922500000000000000e+02
2.400000000000000000e+01 2.089687500000000000e+02 4.880000000000000000e+02
1.000000000000000000e+01 2.118125000000000000e+02 4.090000000000000000e+02
1.100000000000000000e+01 2.140156250000000000e+02 4.100000000000000000e+02
1.200000000000000000e+01 2.161250000000000000e+02 4.130000000000000000e+02
1.000000000000000000e+01 2.182343750000000000e+02 4.130000000000000000e+02
2.800000000000000000e+01 2.219531250000000000e+02 4.850000000000000000e+02
2.800000000000000000e+01 2.243750000000000000e+02 4.847500000000000000e+02
3.100000000000000000e+01 2.264843750000000000e+02 4.950000000000000000e+02
3.000000000000000000e+01 2.284687500000000000e+02 4.967500000000000000e+02
2.600000000000000000e+01 2.306875000000000000e+02 5.000000000000000000e+02
2.800000000000000000e+01 2.329062500000000000e+02 5.045000000000000000e+02
2.600000000000000000e+01 2.350468750000000000e+02 5.122500000000000000e+02
2.500000000000000000e+01 2.369687500000000000e+02 5.215000000000000000e+02
2.300000000000000000e+01 2.392812500000000000e+02 5.340000000000000000e+02
2.200000000000000000e+01 2.411562500000000000e+02 5.545000000000000000e+02
2.400000000000000000e+01 2.432343750000000000e+02 5.717500000000000000e+02
1.500000000000000000e+01 2.454531250000000000e+02 6.037500000000000000e+02
2.300000000000000000e+01 2.475156250000000000e+02 6.272500000000000000e+02
1.900000000000000000e+01 2.494531250000000000e+02 6.535000000000000000e+02
1.600000000000000000e+01 2.515000000000000000e+02 6.965000000000000000e+02
2.100000000000000000e+01 2.535625000000000000e+02 7.242500000000000000e+02
2.500000000000000000e+01 2.628906250000000000e+02 2.937000000000000000e+03
2.500000000000000000e+01 2.650781250000000000e+02 2.952250000000000000e+03
3.200000000000000000e+01 2.672343750000000000e+02 2.955250000000000000e+03
3.200000000000000000e+01 2.693906250000000000e+02 2.974750000000000000e+03
1.100000000000000000e+01 2.716718750000000000e+02 2.416000000000000000e+03
1.300000000000000000e+01 2.739375000000000000e+02 1.994000000000000000e+03
1.600000000000000000e+01 2.762812500000000000e+02 1.696500000000000000e+03
9.000000000000000000e+00 2.855937500000000000e+02 9.647500000000000000e+02
9.000000000000000000e+00 2.878437500000000000e+02 8.862500000000000000e+02
1.800000000000000000e+01 2.925468750000000000e+02 7.845000000000000000e+02
2.500000000000000000e+01 2.945937500000000000e+02 8.082500000000000000e+02
2.600000000000000000e+01 2.968906250000000000e+02 7.640000000000000000e+02
2.400000000000000000e+01 2.991875000000000000e+02 7.235000000000000000e+02
2.700000000000000000e+01 3.011406250000000000e+02 6.897500000000000000e+02
2.100000000000000000e+01 3.035468750000000000e+02 6.590000000000000000e+02
2.400000000000000000e+01 3.056718750000000000e+02 6.312500000000000000e+02
2.600000000000000000e+01 3.080000000000000000e+02 6.067500000000000000e+02
2.500000000000000000e+01 3.106406250000000000e+02 5.150000000000000000e+02
2.300000000000000000e+01 3.124843750000000000e+02 5.340000000000000000e+02
2.500000000000000000e+01 3.148437500000000000e+02 5.375000000000000000e+02
2.500000000000000000e+01 3.169843750000000000e+02 5.350000000000000000e+02
2.600000000000000000e+01 3.191562500000000000e+02 5.195000000000000000e+02
2.700000000000000000e+01 3.213750000000000000e+02 5.085000000000000000e+02
2.900000000000000000e+01 3.236562500000000000e+02 4.977500000000000000e+02
2.600000000000000000e+01 3.259843750000000000e+02 4.880000000000000000e+02
3.000000000000000000e+01 3.281875000000000000e+02 4.795000000000000000e+02
2.700000000000000000e+01 3.305000000000000000e+02 4.722500000000000000e+02
2.800000000000000000e+01 3.327656250000000000e+02 4.660000000000000000e+02
3.000000000000000000e+01 3.349531250000000000e+02 4.597500000000000000e+02
2.600000000000000000e+01 3.368906250000000000e+02 4.555000000000000000e+02
3.000000000000000000e+01 3.391562500000000000e+02 4.512500000000000000e+02
2.200000000000000000e+01 3.412968750000000000e+02 4.470000000000000000e+02
2.200000000000000000e+01 3.436250000000000000e+02 4.450000000000000000e+02
3.300000000000000000e+01 3.456875000000000000e+02 4.425000000000000000e+02
3.300000000000000000e+01 3.479687500000000000e+02 4.415000000000000000e+02
3.400000000000000000e+01 3.500468750000000000e+02 4.407500000000000000e+02
2.600000000000000000e+01 3.523437500000000000e+02 4.402500000000000000e+02
3.300000000000000000e+01 3.545937500000000000e+02 4.412500000000000000e+02
2.700000000000000000e+01 3.567187500000000000e+02 4.427500000000000000e+02
2.200000000000000000e+01 3.588281250000000000e+02 4.445000000000000000e+02
2.200000000000000000e+01 8.750000000000000000e-01 4.470000000000000000e+02
2.600000000000000000e+01 2.781250000000000000e+00 4.500000000000000000e+02
2.600000000000000000e+01 4.921875000000000000e+00 4.542500000000000000e+02
3.000000000000000000e+01 7.265625000000000000e+00 4.592500000000000000e+02
2.900000000000000000e+01 9.500000000000000000e+00 4.642500000000000000e+02
2.500000000000000000e+01 1.131250000000000000e+01 4.710000000000000000e+02
3.000000000000000000e+01 1.353125000000000000e+01 4.767500000000000000e+02
3.000000000000000000e+01 1.560937500000000000e+01 4.842500000000000000e+02
3.000000000000000000e+01 1.779687500000000000e+01 4.927500000000000000e+02
2.600000000000000000e+01 2.006250000000000000e+01 5.025000000000000000e+02
2.800000000000000000e+01 2.196875000000000000e+01 5.132500000000000000e+02
2.300000000000000000e+01 2.421875000000000000e+01 5.245000000000000000e+02
2.300000000000000000e+01 2.620312500000000000e+01 5.402500000000000000e+02
2.200000000000000000e+01 2.904687500000000000e+01 4.460000000000000000e+02
1.200000000000000000e+01 3.087500000000000000e+01 4.560000000000000000e+02
1.100000000000000000e+01 3.325000000000000000e+01 4.710000000000000000e+02
1.100000000000000000e+01 3.521875000000000000e+01 4.885000000000000000e+02
1.000000000000000000e+01 3.740625000000000000e+01 5.057500000000000000e+02
9.000000000000000000e+00 3.928125000000000000e+01 5.265000000000000000e+02
1.000000000000000000e+01 4.135937500000000000e+01 5.467500000000000000e+02
1.000000000000000000e+01 4.331250000000000000e+01 5.865000000000000000e+02
9.000000000000000000e+00 4.548437500000000000e+01 5.930000000000000000e+02
9.000000000000000000e+00 4.750000000000000000e+01 6.402500000000000000e+02
9.000000000000000000e+00 5.157812500000000000e+01 7.225000000000000000e+02
2.800000000000000000e+01 6.604687500000000000e+01 1.122250000000000000e+03
2.900000000000000000e+01 6.823437500000000000e+01 1.108000000000000000e+03
3.100000000000000000e+01 7.048437500000000000e+01 1.096500000000000000e+03
3.100000000000000000e+01 7.259375000000000000e+01 1.091000000000000000e+03
2.600000000000000000e+01 7.481250000000000000e+01 1.086500000000000000e+03
3.400000000000000000e+01 7.695312500000000000e+01 1.078250000000000000e+03
3.400000000000000000e+01 7.918750000000000000e+01 1.076500000000000000e+03
3.400000000000000000e+01 8.131250000000000000e+01 1.077500000000000000e+03
3.400000000000000000e+01 8.348437500000000000e+01 1.074250000000000000e+03
3.400000000000000000e+01 8.564062500000000000e+01 1.076250000000000000e+03
3.400000000000000000e+01 8.778125000000000000e+01 1.078750000000000000e+03
3.400000000000000000e+01 9.000000000000000000e+01 1.082250000000000000e+03
2.600000000000000000e+01 9.215625000000000000e+01 1.088250000000000000e+03
3.100000000000000000e+01 9.425000000000000000e+01 1.095000000000000000e+03
3.000000000000000000e+01 9.645312500000000000e+01 1.100750000000000000e+03
2.900000000000000000e+01 9.862500000000000000e+01 1.113000000000000000e+03
2.700000000000000000e+01 1.008281250000000000e+02 1.124250000000000000e+03
2.600000000000000000e+01 1.029062500000000000e+02 1.139500000000000000e+03
1.800000000000000000e+01 1.050937500000000000e+02 1.157750000000000000e+03
2.100000000000000000e+01 1.071875000000000000e+02 1.173750000000000000e+03
3.000000000000000000e+01 1.090937500000000000e+02 1.360250000000000000e+03
2.900000000000000000e+01 1.112031250000000000e+02 1.382250000000000000e+03
2.800000000000000000e+01 1.133906250000000000e+02 1.417250000000000000e+03
3.100000000000000000e+01 1.154687500000000000e+02 1.461500000000000000e+03
2.700000000000000000e+01 1.176562500000000000e+02 1.498500000000000000e+03
3.100000000000000000e+01 1.197343750000000000e+02 1.546500000000000000e+03
2.600000000000000000e+01 1.218750000000000000e+02 1.586250000000000000e+03
2.600000000000000000e+01 1.239843750000000000e+02 1.653250000000000000e+03
2.800000000000000000e+01 1.261250000000000000e+02 1.714000000000000000e+03
2.800000000000000000e+01 1.282500000000000000e+02 1.783000000000000000e+03
2.800000000000000000e+01 1.303906250000000000e+02 1.857000000000000000e+03
2.600000000000000000e+01 1.324375000000000000e+02 1.948500000000000000e+03
2.600000000000000000e+01 1.345468750000000000e+02 2.043250000000000000e+03
1.400000000000000000e+01 1.368906250000000000e+02 1.693000000000000000e+03
1.400000000000000000e+01 1.390625000000000000e+02 1.646750000000000000e+03
1.200000000000000000e+01 1.411875000000000000e+02 1.611000000000000000e+03
1.500000000000000000e+01 1.433906250000000000e+02 1.573250000000000000e+03
1.800000000000000000e+01 1.455937500000000000e+02 1.542250000000000000e+03
1.700000000000000000e+01 1.477187500000000000e+02 1.522500000000000000e+03
1.000000000000000000e+01 1.499062500000000000e+02 1.523500000000000000e+03
1.700000000000000000e+01 1.520468750000000000e+02 1.476750000000000000e+03
1.800000000000000000e+01 1.542500000000000000e+02 1.460250000000000000e+03
9.000000000000000000e+00 1.563906250000000000e+02 1.665500000000000000e+03
1.000000000000000000e+01 1.646875000000000000e+02 2.717500000000000000e+03
1.700000000000000000e+01 1.670781250000000000e+02 1.972000000000000000e+03
2.500000000000000000e+01 1.692812500000000000e+02 1.880000000000000000e+03
2.900000000000000000e+01 1.714531250000000000e+02 1.835500000000000000e+03
2.300000000000000000e+01 1.735937500000000000e+02 1.817500000000000000e+03
2.800000000000000000e+01 1.819531250000000000e+02 2.924500000000000000e+03
3.000000000000000000e+01 1.841093750000000000e+02 2.943500000000000000e+03
2.900000000000000000e+01 1.862343750000000000e+02 2.972250000000000000e+03
9.000000000000000000e+00 1.900312500000000000e+02 6.760000000000000000e+02
2.000000000000000000e+01 2.015937500000000000e+02 5.310000000000000000e+02
2.500000000000000000e+01 2.037500000000000000e+02 5.082500000000000000e+02
2.700000000000000000e+01 2.062343750000000000e+02 4.952500000000000000e+02
2.600000000000000000e+01 2.084843750000000000e+02 4.852500000000000000e+02
9.000000000000000000e+00 2.114218750000000000e+02 4.030000000000000000e+02
1.000000000000000000e+01 2.133906250000000000e+02 4.100000000000000000e+02
1.200000000000000000e+01 2.153125000000000000e+02 4.100000000000000000e+02
1.100000000000000000e+01 2.177031250000000000e+02 4.120000000000000000e+02
2.700000000000000000e+01 2.238125000000000000e+02 4.852500000000000000e+02
2.100000000000000000e+01 2.257187500000000000e+02 4.892500000000000000e+02
3.000000000000000000e+01 2.279218750000000000e+02 4.967500000000000000e+02
2.700000000000000000e+01 2.299531250000000000e+02 4.992500000000000000e+02
2.800000000000000000e+01 2.321562500000000000e+02 5.030000000000000000e+02
2.600000000000000000e+01 2.341875000000000000e+02 5.097500000000000000e+02
2.500000000000000000e+01 2.365937500000000000e+02 5.180000000000000000e+02
2.400000000000000000e+01 2.386406250000000000e+02 5.290000000000000000e+02
2.100000000000000000e+01 2.405625000000000000e+02 5.477500000000000000e+02
2.600000000000000000e+01 2.426562500000000000e+02 5.657500000000000000e+02
1.500000000000000000e+01 2.447343750000000000e+02 5.912500000000000000e+02
2.400000000000000000e+01 2.469062500000000000e+02 6.220000000000000000e+02
1.800000000000000000e+01 2.490156250000000000e+02 6.432500000000000000e+02
1.700000000000000000e+01 2.510468750000000000e+02 6.782500000000000000e+02
1.800000000000000000e+01 2.530156250000000000e+02 7.132500000000000000e+02
1.700000000000000000e+01 2.550781250000000000e+02 7.460000000000000000e+02
3.200000000000000000e+01 2.644687500000000000e+02 2.951000000000000000e+03
3.200000000000000000e+01 2.665937500000000000e+02 2.957500000000000000e+03
3.200000000000000000e+01 2.687968750000000000e+02 2.973000000000000000e+03
1.200000000000000000e+01 2.710156250000000000e+02 2.591500000000000000e+03
1.300000000000000000e+01 2.732968750000000000e+02 2.094750000000000000e+03
1.500000000000000000e+01 2.756406250000000000e+02 1.768250000000000000e+03
1.000000000000000000e+01 2.822187500000000000e+02 1.639500000000000000e+03
2.700000000000000000e+01 2.918437500000000000e+02 7.782500000000000000e+02
1.700000000000000000e+01 2.939531250000000000e+02 8.110000000000000000e+02
1.700000000000000000e+01 2.962031250000000000e+02 7.720000000000000000e+02
1.400000000000000000e+01 2.985468750000000000e+02 7.330000000000000000e+02
2.800000000000000000e+01 3.005937500000000000e+02 6.975000000000000000e+02
2.600000000000000000e+01 3.027656250000000000e+02 6.660000000000000000e+02
2.200000000000000000e+01 3.051093750000000000e+02 6.382500000000000000e+02
2.500000000000000000e+01 3.074375000000000000e+02 6.132500000000000000e+02
1.300000000000000000e+01 3.098593750000000000e+02 5.090000000000000000e+02
2.400000000000000000e+01 3.121875000000000000e+02 5.267500000000000000e+02
1.700000000000000000e+01 3.140625000000000000e+02 5.372500000000000000e+02
2.700000000000000000e+01 3.162031250000000000e+02 5.385000000000000000e+02
2.300000000000000000e+01 3.184375000000000000e+02 5.245000000000000000e+02
1.500000000000000000e+01 3.209375000000000000e+02 5.072500000000000000e+02
2.800000000000000000e+01 3.229062500000000000e+02 5.007500000000000000e+02
2.900000000000000000e+01 3.252812500000000000e+02 4.907500000000000000e+02
2.800000000000000000e+01 3.277187500000000000e+02 4.815000000000000000e+02
2.700000000000000000e+01 3.296718750000000000e+02 4.747500000000000000e+02
2.700000000000000000e+01 3.319062500000000000e+02 4.677500000000000000e+02
2.400000000000000000e+01 3.341875000000000000e+02 4.615000000000000000e+02
2.500000000000000000e+01 3.365468750000000000e+02 4.565000000000000000e+02
3.000000000000000000e+01 3.387812500000000000e+02 4.522500000000000000e+02
2.600000000000000000e+01 3.409843750000000000e+02 4.485000000000000000e+02
2.200000000000000000e+01 3.430781250000000000e+02 4.450000000000000000e+02
3.300000000000000000e+01 3.453437500000000000e+02 4.425000000000000000e+02
3.300000000000000000e+01 3.475000000000000000e+02 4.410000000000000000e+02
1.000000000000000000e+01 3.493125000000000000e+02 4.407500000000000000e+02
3.200000000000000000e+01 3.515000000000000000e+02 4.407500000000000000e+02
2.300000000000000000e+01 2.055312500000000000e+02 4.977500000000000000e+02
2.400000000000000000e+01 2.078437500000000000e+02 4.897500000000000000e+02
1.000000000000000000e+01 2.127187500000000000e+02 4.110000000000000000e+02
1.100000000000000000e+01 2.147187500000000000e+02 4.100000000000000000e+02
1.100000000000000000e+01 2.170468750000000000e+02 4.120000000000000000e+02
2.600000000000000000e+01 2.232031250000000000e+02 4.852500000000000000e+02
2.200000000000000000e+01 2.251250000000000000e+02 4.895000000000000000e+02
2.900000000000000000e+01 2.272656250000000000e+02 4.965000000000000000e+02
2.800000000000000000e+01 2.294062500000000000e+02 4.985000000000000000e+02
2.600000000000000000e+01 2.314687500000000000e+02 5.027500000000000000e+02
2.600000000000000000e+01 2.336406250000000000e+02 5.082500000000000000e+02
2.600000000000000000e+01 2.357656250000000000e+02 5.170000000000000000e+02
2.400000000000000000e+01 2.378593750000000000e+02 5.282500000000000000e+02
2.000000000000000000e+01 2.400156250000000000e+02 5.432500000000000000e+02
2.200000000000000000e+01 2.420625000000000000e+02 5.637500000000000000e+02
1.700000000000000000e+01 2.442500000000000000e+02 5.840000000000000000e+02
2.100000000000000000e+01 2.462812500000000000e+02 6.170000000000000000e+02
2.300000000000000000e+01 2.483125000000000000e+02 6.362500000000000000e+02
1.900000000000000000e+01 2.503437500000000000e+02 6.692500000000000000e+02
2.000000000000000000e+01 2.524687500000000000e+02 7.017500000000000000e+02
1.700000000000000000e+01 2.545468750000000000e+02 7.370000000000000000e+02
2.900000000000000000e+01 2.638437500000000000e+02 2.955750000000000000e+03
3.200000000000000000e+01 2.660156250000000000e+02 2.955250000000000000e+03
3.000000000000000000e+01 2.681718750000000000e+02 2.957000000000000000e+03
1.100000000000000000e+01 2.703750000000000000e+02 2.754250000000000000e+03
1.200000000000000000e+01 2.726718750000000000e+02 2.216250000000000000e+03
1.400000000000000000e+01 2.750000000000000000e+02 1.853000000000000000e+03
1.000000000000000000e+01 2.822187500000000000e+02 9.295000000000000000e+02
9.000000000000000000e+00 2.866718750000000000e+02 9.310000000000000000e+02
9.000000000000000000e+00 2.912812500000000000e+02 7.910000000000000000e+02
1.400000000000000000e+01 2.934375000000000000e+02 7.917500000000000000e+02
1.400000000000000000e+01 2.955156250000000000e+02 7.960000000000000000e+02
2.500000000000000000e+01 3.000468750000000000e+02 7.100000000000000000e+02
2.300000000000000000e+01 3.021250000000000000e+02 6.765000000000000000e+02
2.600000000000000000e+01 3.044218750000000000e+02 6.467500000000000000e+02
2.800000000000000000e+01 3.066875000000000000e+02 6.212500000000000000e+02
1.100000000000000000e+01 3.094218750000000000e+02 5.057500000000000000e+02
2.500000000000000000e+01 3.115000000000000000e+02 5.212500000000000000e+02
1.900000000000000000e+01 3.134375000000000000e+02 5.467500000000000000e+02
2.700000000000000000e+01 3.158125000000000000e+02 5.432500000000000000e+02
2.600000000000000000e+01 3.179375000000000000e+02 5.287500000000000000e+02
2.700000000000000000e+01 3.201406250000000000e+02 5.157500000000000000e+02
2.800000000000000000e+01 3.223281250000000000e+02 5.030000000000000000e+02
2.900000000000000000e+01 3.246250000000000000e+02 4.930000000000000000e+02
3.000000000000000000e+01 3.268750000000000000e+02 4.842500000000000000e+02
2.900000000000000000e+01 3.292031250000000000e+02 4.760000000000000000e+02
2.600000000000000000e+01 3.314375000000000000e+02 4.690000000000000000e+02
2.900000000000000000e+01 3.334687500000000000e+02 4.635000000000000000e+02
2.500000000000000000e+01 3.356875000000000000e+02 4.582500000000000000e+02
2.600000000000000000e+01 3.378750000000000000e+02 4.540000000000000000e+02
2.600000000000000000e+01 3.402187500000000000e+02 4.492500000000000000e+02
2.100000000000000000e+01 3.423750000000000000e+02 4.460000000000000000e+02
2.600000000000000000e+01 3.444375000000000000e+02 4.432500000000000000e+02
3.300000000000000000e+01 3.468125000000000000e+02 4.415000000000000000e+02
2.600000000000000000e+01 3.510312500000000000e+02 4.405000000000000000e+02
3.300000000000000000e+01 3.530000000000000000e+02 4.410000000000000000e+02
3.300000000000000000e+01 3.552812500000000000e+02 4.422500000000000000e+02
2.600000000000000000e+01 3.575312500000000000e+02 4.432500000000000000e+02
2.100000000000000000e+01 3.594531250000000000e+02 4.462500000000000000e+02
2.600000000000000000e+01 1.890625000000000000e+00 4.487500000000000000e+02
2.900000000000000000e+01 4.015625000000000000e+00 4.515000000000000000e+02
2.600000000000000000e+01 6.078125000000000000e+00 4.557500000000000000e+02
2.800000000000000000e+01 8.031250000000000000e+00 4.607500000000000000e+02
2.600000000000000000e+01 1.026562500000000000e+01 4.672500000000000000e+02
2.700000000000000000e+01 1.239062500000000000e+01 4.727500000000000000e+02
2.800000000000000000e+01 1.462500000000000000e+01 4.800000000000000000e+02
2.600000000000000000e+01 1.651562500000000000e+01 4.877500000000000000e+02
2.900000000000000000e+01 1.876562500000000000e+01 4.965000000000000000e+02
2.700000000000000000e+01 2.087500000000000000e+01 5.067500000000000000e+02
2.600000000000000000e+01 2.285937500000000000e+01 5.180000000000000000e+02
2.600000000000000000e+01 2.514062500000000000e+01 5.300000000000000000e+02
9.000000000000000000e+00 2.757812500000000000e+01 4.585000000000000000e+02
1.200000000000000000e+01 2.981250000000000000e+01 4.500000000000000000e+02
1.100000000000000000e+01 3.192187500000000000e+01 4.660000000000000000e+02
1.100000000000000000e+01 3.410937500000000000e+01 4.772500000000000000e+02
1.000000000000000000e+01 3.587500000000000000e+01 4.942500000000000000e+02
1.000000000000000000e+01 3.829687500000000000e+01 5.167500000000000000e+02
1.000000000000000000e+01 4.018750000000000000e+01 5.347500000000000000e+02
1.000000000000000000e+01 4.232812500000000000e+01 5.667500000000000000e+02
1.000000000000000000e+01 4.435937500000000000e+01 5.950000000000000000e+02
1.000000000000000000e+01 4.628125000000000000e+01 6.305000000000000000e+02
9.000000000000000000e+00 5.264062500000000000e+01 7.195000000000000000e+02
2.900000000000000000e+01 6.704687500000000000e+01 1.114750000000000000e+03
2.900000000000000000e+01 6.928125000000000000e+01 1.103000000000000000e+03
3.100000000000000000e+01 7.137500000000000000e+01 1.094500000000000000e+03
2.600000000000000000e+01 7.364062500000000000e+01 1.087000000000000000e+03
3.400000000000000000e+01 7.579687500000000000e+01 1.082750000000000000e+03
3.400000000000000000e+01 7.795312500000000000e+01 1.078500000000000000e+03
3.400000000000000000e+01 8.004687500000000000e+01 1.078000000000000000e+03
3.400000000000000000e+01 8.231250000000000000e+01 1.074500000000000000e+03
3.400000000000000000e+01 8.439062500000000000e+01 1.074500000000000000e+03
3.400000000000000000e+01 8.657812500000000000e+01 1.075750000000000000e+03
3.400000000000000000e+01 8.871875000000000000e+01 1.078750000000000000e+03
2.600000000000000000e+01 9.085937500000000000e+01 1.084250000000000000e+03
3.100000000000000000e+01 9.304687500000000000e+01 1.090750000000000000e+03
3.100000000000000000e+01 9.528125000000000000e+01 1.095500000000000000e+03
3.000000000000000000e+01 9.742187500000000000e+01 1.104750000000000000e+03
2.800000000000000000e+01 9.956250000000000000e+01 1.119000000000000000e+03
2.700000000000000000e+01 1.017500000000000000e+02 1.132000000000000000e+03
2.600000000000000000e+01 1.038750000000000000e+02 1.143000000000000000e+03
2.400000000000000000e+01 1.060312500000000000e+02 1.165000000000000000e+03
3.000000000000000000e+01 1.079062500000000000e+02 1.348000000000000000e+03
2.800000000000000000e+01 1.100156250000000000e+02 1.369250000000000000e+03
2.900000000000000000e+01 1.121250000000000000e+02 1.398250000000000000e+03
3.100000000000000000e+01 1.143125000000000000e+02 1.438000000000000000e+03
3.000000000000000000e+01 1.163906250000000000e+02 1.473250000000000000e+03
2.500000000000000000e+01 1.185781250000000000e+02 1.521250000000000000e+03
3.000000000000000000e+01 1.206875000000000000e+02 1.568000000000000000e+03
2.900000000000000000e+01 1.228125000000000000e+02 1.609250000000000000e+03
2.800000000000000000e+01 1.249375000000000000e+02 1.678250000000000000e+03
2.500000000000000000e+01 1.270625000000000000e+02 1.738250000000000000e+03
2.600000000000000000e+01 1.291718750000000000e+02 1.814750000000000000e+03
2.500000000000000000e+01 1.312500000000000000e+02 1.896000000000000000e+03
2.300000000000000000e+01 1.333437500000000000e+02 1.992500000000000000e+03
1.400000000000000000e+01 1.356406250000000000e+02 1.715500000000000000e+03
1.500000000000000000e+01 1.377812500000000000e+02 1.670000000000000000e+03
1.200000000000000000e+01 1.399375000000000000e+02 1.644750000000000000e+03
1.600000000000000000e+01 1.421875000000000000e+02 1.598000000000000000e+03
1.700000000000000000e+01 1.443281250000000000e+02 1.557250000000000000e+03
1.400000000000000000e+01 1.464687500000000000e+02 1.531500000000000000e+03
1.600000000000000000e+01 1.486406250000000000e+02 1.509500000000000000e+03
1.600000000000000000e+01 1.508437500000000000e+02 1.488000000000000000e+03
1.700000000000000000e+01 1.530156250000000000e+02 1.471250000000000000e+03
9.000000000000000000e+00 1.552187500000000000e+02 1.540250000000000000e+03
9.000000000000000000e+00 1.572500000000000000e+02 1.771500000000000000e+03
2.700000000000000000e+01 1.634531250000000000e+02 2.905750000000000000e+03
1.400000000000000000e+01 1.656562500000000000e+02 2.699750000000000000e+03
2.000000000000000000e+01 1.680156250000000000e+02 1.920750000000000000e+03
2.600000000000000000e+01 1.702187500000000000e+02 1.856250000000000000e+03
2.400000000000000000e+01 1.723750000000000000e+02 1.817500000000000000e+03
2.800000000000000000e+01 1.828750000000000000e+02 2.933250000000000000e+03
2.800000000000000000e+01 1.850468750000000000e+02 2.948500000000000000e+03
1.600000000000000000e+01 2.000937500000000000e+02 5.560000000000000000e+02
2.200000000000000000e+01 2.023906250000000000e+02 5.207500000000000000e+02
2.400000000000000000e+01 2.049375000000000000e+02 5.015000000000000000e+02
2.800000000000000000e+01 2.072343750000000000e+02 4.920000000000000000e+02
2.400000000000000000e+01 2.093125000000000000e+02 4.942500000000000000e+02
1.000000000000000000e+01 2.121406250000000000e+02 4.130000000000000000e+02
1.000000000000000000e+01 2.142343750000000000e+02 4.100000000000000000e+02
1.100000000000000000e+01 2.163906250000000000e+02 4.100000000000000000e+02
1.000000000000000000e+01 2.185468750000000000e+02 4.120000000000000000e+02
2.700000000000000000e+01 2.225781250000000000e+02 4.855000000000000000e+02
2.700000000000000000e+01 2.245312500000000000e+02 4.862500000000000000e+02
3.100000000000000000e+01 2.266718750000000000e+02 4.960000000000000000e+02
2.900000000000000000e+01 2.287812500000000000e+02 4.975000000000000000e+02
2.700000000000000000e+01 2.311250000000000000e+02 5.005000000000000000e+02
2.700000000000000000e+01 2.332187500000000000e+02 5.065000000000000000e+02
2.700000000000000000e+01 2.353750000000000000e+02 5.147500000000000000e+02
2.100000000000000000e+01 2.374843750000000000e+02 5.237500000000000000e+02
2.100000000000000000e+01 2.395781250000000000e+02 5.367500000000000000e+02
2.300000000000000000e+01 2.414062500000000000e+02 5.587500000000000000e+02
2.300000000000000000e+01 2.435937500000000000e+02 5.767500000000000000e+02
1.700000000000000000e+01 2.457187500000000000e+02 6.107500000000000000e+02
2.300000000000000000e+01 2.477500000000000000e+02 6.320000000000000000e+02
1.600000000000000000e+01 2.498906250000000000e+02 6.580000000000000000e+02
2.400000000000000000e+01 2.518437500000000000e+02 6.977500000000000000e+02
2.100000000000000000e+01 2.538437500000000000e+02 7.265000000000000000e+02
3.200000000000000000e+01 2.632187500000000000e+02 2.947000000000000000e+03
3.200000000000000000e+01 2.653906250000000000e+02 2.955250000000000000e+03
3.100000000000000000e+01 2.675625000000000000e+02 2.952250000000000000e+03
1.000000000000000000e+01 2.697343750000000000e+02 2.954000000000000000e+03
1.200000000000000000e+01 2.720156250000000000e+02 2.342750000000000000e+03
1.400000000000000000e+01 2.742812500000000000e+02 1.939750000000000000e+03
1.500000000000000000e+01 2.766406250000000000e+02 1.664000000000000000e+03
1.300000000000000000e+01 2.927343750000000000e+02 7.837500000000000000e+02
2.200000000000000000e+01 2.949531250000000000e+02 8.015000000000000000e+02
2.000000000000000000e+01 2.971093750000000000e+02 7.607500000000000000e+02
2.200000000000000000e+01 2.994062500000000000e+02 7.192500000000000000e+02
2.100000000000000000e+01 3.015937500000000000e+02 6.855000000000000000e+02
2.500000000000000000e+01 3.037343750000000000e+02 6.540000000000000000e+02
2.500000000000000000e+01 3.061250000000000000e+02 6.280000000000000000e+02
2.400000000000000000e+01 3.083750000000000000e+02 6.035000000000000000e+02
2.800000000000000000e+01 3.109218750000000000e+02 5.157500000000000000e+02
2.100000000000000000e+01 3.127812500000000000e+02 5.395000000000000000e+02
2.500000000000000000e+01 3.149843750000000000e+02 5.390000000000000000e+02
2.500000000000000000e+01 3.173125000000000000e+02 5.312500000000000000e+02
2.800000000000000000e+01 3.195781250000000000e+02 5.177500000000000000e+02
9.000000000000000000e+00 3.217812500000000000e+02 5.085000000000000000e+02
2.800000000000000000e+01 3.237968750000000000e+02 4.965000000000000000e+02
2.600000000000000000e+01 3.262812500000000000e+02 4.865000000000000000e+02
3.000000000000000000e+01 3.284687500000000000e+02 4.782500000000000000e+02
2.800000000000000000e+01 3.306250000000000000e+02 4.717500000000000000e+02
2.800000000000000000e+01 3.329375000000000000e+02 4.647500000000000000e+02
2.900000000000000000e+01 3.351250000000000000e+02 4.590000000000000000e+02
2.700000000000000000e+01 3.373437500000000000e+02 4.547500000000000000e+02
2.600000000000000000e+01 3.395156250000000000e+02 4.500000000000000000e+02
2.200000000000000000e+01 3.417031250000000000e+02 4.465000000000000000e+02
2.200000000000000000e+01 3.440312500000000000e+02 4.440000000000000000e+02
3.300000000000000000e+01 3.461093750000000000e+02 4.422500000000000000e+02
3.200000000000000000e+01 3.482031250000000000e+02 4.417500000000000000e+02
3.400000000000000000e+01 3.502187500000000000e+02 4.412500000000000000e+02
2.600000000000000000e+01 3.525625000000000000e+02 4.405000000000000000e+02
3.300000000000000000e+01 3.547656250000000000e+02 4.417500000000000000e+02
2.600000000000000000e+01 3.570156250000000000e+02 4.427500000000000000e+02
2.200000000000000000e+01 3.589218750000000000e+02 4.450000000000000000e+02
2.200000000000000000e+01 1.109375000000000000e+00 4.470000000000000000e+02
2.600000000000000000e+01 3.359375000000000000e+00 4.505000000000000000e+02
2.600000000000000000e+01 5.453125000000000000e+00 4.555000000000000000e+02
2.800000000000000000e+01 7.656250000000000000e+00 4.605000000000000000e+02
2.900000000000000000e+01 9.484375000000000000e+00 4.650000000000000000e+02
2.800000000000000000e+01 1.178125000000000000e+01 4.710000000000000000e+02
3.000000000000000000e+01 1.396875000000000000e+01 4.782500000000000000e+02
2.700000000000000000e+01 1.612500000000000000e+01 4.855000000000000000e+02
2.900000000000000000e+01 1.814062500000000000e+01 4.942500000000000000e+02
2.800000000000000000e+01 2.010937500000000000e+01 5.035000000000000000e+02
2.700000000000000000e+01 2.234375000000000000e+01 5.140000000000000000e+02
2.700000000000000000e+01 2.431250000000000000e+01 5.267500000000000000e+02
9.000000000000000000e+00 2.695312500000000000e+01 4.572500000000000000e+02
1.200000000000000000e+01 2.920312500000000000e+01 4.465000000000000000e+02
1.200000000000000000e+01 3.123437500000000000e+01 4.595000000000000000e+02
1.100000000000000000e+01 3.346875000000000000e+01 4.747500000000000000e+02
1.100000000000000000e+01 3.556250000000000000e+01 4.900000000000000000e+02
1.000000000000000000e+01 3.743750000000000000e+01 5.092500000000000000e+02
9.000000000000000000e+00 3.962500000000000000e+01 5.282500000000000000e+02
9.000000000000000000e+00 4.184375000000000000e+01 5.430000000000000000e+02
1.000000000000000000e+01 4.365625000000000000e+01 5.942500000000000000e+02
1.000000000000000000e+01 4.573437500000000000e+01 5.955000000000000000e+02
9.000000000000000000e+00 4.976562500000000000e+01 6.820000000000000000e+02
2.700000000000000000e+01 6.642187500000000000e+01 1.119000000000000000e+03
3.000000000000000000e+01 6.857812500000000000e+01 1.106750000000000000e+03
3.100000000000000000e+01 7.071875000000000000e+01 1.096000000000000000e+03
3.100000000000000000e+01 7.292187500000000000e+01 1.090250000000000000e+03
3.400000000000000000e+01 7.510937500000000000e+01 1.083000000000000000e+03
3.400000000000000000e+01 7.725000000000000000e+01 1.080750000000000000e+03
3.400000000000000000e+01 7.943750000000000000e+01 1.078000000000000000e+03
3.400000000000000000e+01 8.160937500000000000e+01 1.075750000000000000e+03
3.400000000000000000e+01 8.373437500000000000e+01 1.074250000000000000e+03
3.400000000000000000e+01 8.590625000000000000e+01 1.078000000000000000e+03
3.400000000000000000e+01 8.812500000000000000e+01 1.079250000000000000e+03
2.500000000000000000e+01 9.032812500000000000e+01 1.083500000000000000e+03
2.600000000000000000e+01 9.242187500000000000e+01 1.087750000000000000e+03
3.100000000000000000e+01 9.457812500000000000e+01 1.095000000000000000e+03
3.100000000000000000e+01 9.679687500000000000e+01 1.103000000000000000e+03
2.800000000000000000e+01 9.889062500000000000e+01 1.115500000000000000e+03
2.900000000000000000e+01 1.010625000000000000e+02 1.126750000000000000e+03
2.600000000000000000e+01 1.032343750000000000e+02 1.142000000000000000e+03
1.800000000000000000e+01 1.053281250000000000e+02 1.158250000000000000e+03
1.700000000000000000e+01 1.073593750000000000e+02 1.189750000000000000e+03
2.900000000000000000e+01 1.094062500000000000e+02 1.361250000000000000e+03
2.900000000000000000e+01 1.114843750000000000e+02 1.384750000000000000e+03
2.600000000000000000e+01 1.136875000000000000e+02 1.401750000000000000e+03
3.100000000000000000e+01 1.157343750000000000e+02 1.464000000000000000e+03
2.500000000000000000e+01 1.179062500000000000e+02 1.506000000000000000e+03
3.000000000000000000e+01 1.200312500000000000e+02 1.552750000000000000e+03
2.900000000000000000e+01 1.221406250000000000e+02 1.599000000000000000e+03
2.500000000000000000e+01 1.242500000000000000e+02 1.658500000000000000e+03
2.700000000000000000e+01 1.264375000000000000e+02 1.718500000000000000e+03
2.700000000000000000e+01 1.285468750000000000e+02 1.792500000000000000e+03
2.600000000000000000e+01 1.306562500000000000e+02 1.871750000000000000e+03
2.500000000000000000e+01 1.327031250000000000e+02 1.962500000000000000e+03
2.500000000000000000e+01 1.348437500000000000e+02 2.060750000000000000e+03
1.500000000000000000e+01 1.371250000000000000e+02 1.681250000000000000e+03
1.400000000000000000e+01 1.393125000000000000e+02 1.639250000000000000e+03
1.500000000000000000e+01 1.414687500000000000e+02 1.610500000000000000e+03
1.400000000000000000e+01 1.436406250000000000e+02 1.571500000000000000e+03
1.600000000000000000e+01 1.458437500000000000e+02 1.540250000000000000e+03
1.600000000000000000e+01 1.480000000000000000e+02 1.515000000000000000e+03
1.400000000000000000e+01 1.501562500000000000e+02 1.509000000000000000e+03
1.600000000000000000e+01 1.523593750000000000e+02 1.473000000000000000e+03
1.900000000000000000e+01 1.545156250000000000e+02 1.462750000000000000e+03
9.000000000000000000e+00 1.566718750000000000e+02 1.695500000000000000e+03
2.300000000000000000e+01 1.628125000000000000e+02 2.903250000000000000e+03
1.100000000000000000e+01 1.650000000000000000e+02 2.705250000000000000e+03
2.300000000000000000e+01 1.673750000000000000e+02 1.956500000000000000e+03
2.400000000000000000e+01 1.695312500000000000e+02 1.870750000000000000e+03
2.800000000000000000e+01 1.717031250000000000e+02 1.828750000000000000e+03
2.400000000000000000e+01 1.739218750000000000e+02 1.817500000000000000e+03
2.700000000000000000e+01 1.822031250000000000e+02 2.927500000000000000e+03
2.900000000000000000e+01 1.843593750000000000e+02 2.947000000000000000e+03
2.400000000000000000e+01 1.865000000000000000e+02 2.980750000000000000e+03
1.400000000000000000e+01 1.995000000000000000e+02 5.707500000000000000e+02
2.200000000000000000e+01 2.018906250000000000e+02 5.272500000000000000e+02
2.500000000000000000e+01 2.039375000000000000e+02 5.072500000000000000e+02
2.700000000000000000e+01 2.064843750000000000e+02 4.950000000000000000e+02
2.400000000000000000e+01 2.087968750000000000e+02 4.885000000000000000e+02
9.000000000000000000e+00 2.117343750000000000e+02 4.040000000000000000e+02
1.000000000000000000e+01 2.135156250000000000e+02 4.100000000000000000e+02
1.100000000000000000e+01 2.156250000000000000e+02 4.110000000000000000e+02
1.100000000000000000e+01 2.177343750000000000e+02 4.120000000000000000e+02
2.800000000000000000e+01 2.240625000000000000e+02 4.850000000000000000e+02
3.100000000000000000e+01 2.260156250000000000e+02 4.957500000000000000e+02
3.000000000000000000e+01 2.281875000000000000e+02 4.967500000000000000e+02
2.700000000000000000e+01 2.301562500000000000e+02 4.997500000000000000e+02
2.800000000000000000e+01 2.324062500000000000e+02 5.042500000000000000e+02
2.500000000000000000e+01 2.345937500000000000e+02 5.117500000000000000e+02
2.600000000000000000e+01 2.368125000000000000e+02 5.212500000000000000e+02
2.300000000000000000e+01 2.388281250000000000e+02 5.330000000000000000e+02
1.800000000000000000e+01 2.409843750000000000e+02 5.517500000000000000e+02
2.500000000000000000e+01 2.429375000000000000e+02 5.707500000000000000e+02
1.500000000000000000e+01 2.449531250000000000e+02 5.995000000000000000e+02
2.200000000000000000e+01 2.471875000000000000e+02 6.260000000000000000e+02
1.800000000000000000e+01 2.490625000000000000e+02 6.482500000000000000e+02
1.300000000000000000e+01 2.512343750000000000e+02 6.852500000000000000e+02
2.300000000000000000e+01 2.532031250000000000e+02 7.190000000000000000e+02
1.900000000000000000e+01 2.553906250000000000e+02 7.520000000000000000e+02
2.900000000000000000e+01 2.646718750000000000e+02 2.955000000000000000e+03
3.200000000000000000e+01 2.668593750000000000e+02 2.959500000000000000e+03
3.200000000000000000e+01 2.690312500000000000e+02 2.978000000000000000e+03
1.200000000000000000e+01 2.712812500000000000e+02 2.524000000000000000e+03
1.300000000000000000e+01 2.735937500000000000e+02 2.052500000000000000e+03
1.500000000000000000e+01 2.758906250000000000e+02 1.736750000000000000e+03
1.000000000000000000e+01 2.821562500000000000e+02 2.327750000000000000e+03
1.700000000000000000e+01 2.920625000000000000e+02 7.807500000000000000e+02
2.000000000000000000e+01 2.941562500000000000e+02 8.137500000000000000e+02
2.400000000000000000e+01 2.964843750000000000e+02 7.700000000000000000e+02
2.300000000000000000e+01 2.986875000000000000e+02 7.322500000000000000e+02
2.700000000000000000e+01 3.008437500000000000e+02 6.952500000000000000e+02
2.600000000000000000e+01 3.030468750000000000e+02 6.635000000000000000e+02
2.500000000000000000e+01 3.053125000000000000e+02 6.360000000000000000e+02
2.600000000000000000e+01 3.076406250000000000e+02 6.107500000000000000e+02
1.800000000000000000e+01 3.101718750000000000e+02 5.085000000000000000e+02
2.400000000000000000e+01 3.122968750000000000e+02 5.295000000000000000e+02
2.600000000000000000e+01 3.143281250000000000e+02 5.387500000000000000e+02
2.400000000000000000e+01 3.163906250000000000e+02 5.370000000000000000e+02
2.600000000000000000e+01 3.188281250000000000e+02 5.227500000000000000e+02
2.500000000000000000e+01 3.209375000000000000e+02 5.087500000000000000e+02
2.600000000000000000e+01 3.232343750000000000e+02 4.997500000000000000e+02
2.500000000000000000e+01 3.255156250000000000e+02 4.895000000000000000e+02
3.000000000000000000e+01 3.278125000000000000e+02 4.802500000000000000e+02
2.700000000000000000e+01 3.298437500000000000e+02 4.735000000000000000e+02
2.700000000000000000e+01 3.320156250000000000e+02 4.680000000000000000e+02
2.400000000000000000e+01 3.344375000000000000e+02 4.612500000000000000e+02
2.500000000000000000e+01 3.365937500000000000e+02 4.562500000000000000e+02
2.900000000000000000e+01 3.387031250000000000e+02 4.517500000000000000e+02
2.600000000000000000e+01 3.410000000000000000e+02 4.487500000000000000e+02
2.100000000000000000e+01 3.431875000000000000e+02 4.452500000000000000e+02
3.300000000000000000e+01 3.451875000000000000e+02 4.425000000000000000e+02
3.300000000000000000e+01 3.476406250000000000e+02 4.410000000000000000e+02
2.300000000000000000e+01 3.496562500000000000e+02 4.392500000000000000e+02
2.600000000000000000e+01 3.516718750000000000e+02 4.400000000000000000e+02
3.300000000000000000e+01 3.540937500000000000e+02 4.410000000000000000e+02
3.400000000000000000e+01 3.560468750000000000e+02 4.425000000000000000e+02
2.600000000000000000e+01 3.583593750000000000e+02 4.437500000000000000e+02
2.200000000000000000e+01 3.593750000000000000e-01 4.465000000000000000e+02
2.600000000000000000e+01 2.671875000000000000e+00 4.495000000000000000e+02
2.600000000000000000e+01 4.500000000000000000e+00 4.540000000000000000e+02
2.500000000000000000e+01 6.796875000000000000e+00 4.577500000000000000e+02
2.400000000000000000e+01 8.953125000000000000e+00 4.630000000000000000e+02
2.700000000000000000e+01 1.107812500000000000e+01 4.695000000000000000e+02
2.900000000000000000e+01 1.307812500000000000e+01 4.757500000000000000e+02
2.900000000000000000e+01 1.535937500000000000e+01 4.822500000000000000e+02
2.900000000000000000e+01 1.723437500000000000e+01 4.912500000000000000e+02
2.600000000000000000e+01 1.935937500000000000e+01 5.005000000000000000e+02
2.500000000000000000e+01 2.167187500000000000e+01 5.097500000000000000e+02
2.500000000000000000e+01 2.359375000000000000e+01 5.230000000000000000e+02
2.500000000000000000e+01 2.582812500000000000e+01 5.350000000000000000e+02
2.300000000000000000e+01 2.868750000000000000e+01 4.407500000000000000e+02
1.100000000000000000e+01 3.076562500000000000e+01 4.535000000000000000e+02
1.100000000000000000e+01 3.267187500000000000e+01 4.685000000000000000e+02
1.100000000000000000e+01 3.482812500000000000e+01 4.845000000000000000e+02
1.000000000000000000e+01 3.668750000000000000e+01 5.015000000000000000e+02
1.000000000000000000e+01 3.885937500000000000e+01 5.200000000000000000e+02
1.000000000000000000e+01 4.090625000000000000e+01 5.415000000000000000e+02
9.000000000000000000e+00 4.284375000000000000e+01 5.800000000000000000e+02
9.000000000000000000e+00 4.506250000000000000e+01 6.055000000000000000e+02
9.000000000000000000e+00 4.709375000000000000e+01 6.352500000000000000e+02
9.000000000000000000e+00 4.918750000000000000e+01 6.630000000000000000e+02
9.000000000000000000e+00 5.114062500000000000e+01 7.190000000000000000e+02
9.000000000000000000e+00 6.339062500000000000e+01 1.151500000000000000e+03
2.100000000000000000e+01 6.556250000000000000e+01 1.119500000000000000e+03
2.800000000000000000e+01 6.781250000000000000e+01 1.108000000000000000e+03
3.100000000000000000e+01 6.996875000000000000e+01 1.099500000000000000e+03
3.100000000000000000e+01 7.217187500000000000e+01 1.091500000000000000e+03
2.600000000000000000e+01 7.428125000000000000e+01 1.086500000000000000e+03
3.400000000000000000e+01 7.646875000000000000e+01 1.079500000000000000e+03
3.400000000000000000e+01 7.864062500000000000e+01 1.078250000000000000e+03
3.400000000000000000e+01 8.082812500000000000e+01 1.078000000000000000e+03
3.400000000000000000e+01 8.303125000000000000e+01 1.074250000000000000e+03
3.400000000000000000e+01 8.510937500000000000e+01 1.074250000000000000e+03
3.400000000000000000e+01 8.728125000000000000e+01 1.079500000000000000e+03
3.400000000000000000e+01 8.948437500000000000e+01 1.080750000000000000e+03
2.600000000000000000e+01 9.168750000000000000e+01 1.084750000000000000e+03
3.100000000000000000e+01 9.384375000000000000e+01 1.092250000000000000e+03
3.100000000000000000e+01 9.590625000000000000e+01 1.100500000000000000e+03
2.800000000000000000e+01 9.817187500000000000e+01 1.108250000000000000e+03
2.700000000000000000e+01 1.002656250000000000e+02 1.123500000000000000e+03
2.700000000000000000e+01 1.024531250000000000e+02 1.137250000000000000e+03
2.000000000000000000e+01 1.045312500000000000e+02 1.155250000000000000e+03
2.300000000000000000e+01 1.067031250000000000e+02 1.171500000000000000e+03
3.000000000000000000e+01 1.085781250000000000e+02 1.354500000000000000e+03
2.800000000000000000e+01 1.107343750000000000e+02 1.374000000000000000e+03
3.000000000000000000e+01 1.128593750000000000e+02 1.406250000000000000e+03
3.100000000000000000e+01 1.149843750000000000e+02 1.451000000000000000e+03
2.600000000000000000e+01 1.170937500000000000e+02 1.490250000000000000e+03
3.100000000000000000e+01 1.192343750000000000e+02 1.536250000000000000e+03
2.500000000000000000e+01 1.213437500000000000e+02 1.585500000000000000e+03
2.600000000000000000e+01 1.235000000000000000e+02 1.626750000000000000e+03
2.700000000000000000e+01 1.256250000000000000e+02 1.697750000000000000e+03
2.400000000000000000e+01 1.277187500000000000e+02 1.763000000000000000e+03
3.100000000000000000e+01 1.298593750000000000e+02 1.840500000000000000e+03
2.100000000000000000e+01 1.319375000000000000e+02 1.925250000000000000e+03
2.700000000000000000e+01 1.340781250000000000e+02 2.020500000000000000e+03
1.500000000000000000e+01 1.363437500000000000e+02 1.698250000000000000e+03
1.400000000000000000e+01 1.384843750000000000e+02 1.658500000000000000e+03
1.000000000000000000e+01 1.475468750000000000e+02 2.145000000000000000e+02
1.500000000000000000e+01 1.428281250000000000e+02 1.585250000000000000e+03
1.700000000000000000e+01 1.450312500000000000e+02 1.552250000000000000e+03
1.400000000000000000e+01 1.471875000000000000e+02 1.525250000000000000e+03
1.600000000000000000e+01 1.515312500000000000e+02 1.482750000000000000e+03
9.000000000000000000e+00 1.559062500000000000e+02 1.618500000000000000e+03
2.400000000000000000e+01 1.579375000000000000e+02 1.854250000000000000e+03
2.700000000000000000e+01 1.641406250000000000e+02 2.899750000000000000e+03
2.600000000000000000e+01 1.663125000000000000e+02 2.886000000000000000e+03
2.400000000000000000e+01 1.687500000000000000e+02 1.896000000000000000e+03
2.800000000000000000e+01 1.709375000000000000e+02 1.834750000000000000e+03
2.400000000000000000e+01 1.731093750000000000e+02 1.817750000000000000e+03
2.800000000000000000e+01 1.813906250000000000e+02 2.923250000000000000e+03
2.800000000000000000e+01 1.835312500000000000e+02 2.939500000000000000e+03
2.800000000000000000e+01 1.856875000000000000e+02 2.958750000000000000e+03
1.400000000000000000e+01 1.965312500000000000e+02 2.659000000000000000e+03
1.900000000000000000e+01 2.007812500000000000e+02 5.467500000000000000e+02
2.100000000000000000e+01 2.032343750000000000e+02 5.130000000000000000e+02
2.800000000000000000e+01 2.057500000000000000e+02 4.982500000000000000e+02
2.700000000000000000e+01 2.076718750000000000e+02 4.902500000000000000e+02
9.000000000000000000e+00 2.104531250000000000e+02 4.032500000000000000e+02
1.000000000000000000e+01 2.126562500000000000e+02 4.120000000000000000e+02
1.100000000000000000e+01 2.148125000000000000e+02 4.120000000000000000e+02
1.100000000000000000e+01 2.173437500000000000e+02 4.117500000000000000e+02
2.800000000000000000e+01 2.230625000000000000e+02 4.855000000000000000e+02
2.300000000000000000e+01 2.251875000000000000e+02 4.902500000000000000e+02
3.000000000000000000e+01 2.274687500000000000e+02 4.970000000000000000e+02
2.600000000000000000e+01 2.296093750000000000e+02 4.990000000000000000e+02
2.600000000000000000e+01 2.315000000000000000e+02 5.025000000000000000e+02
2.600000000000000000e+01 2.336562500000000000e+02 5.095000000000000000e+02
2.600000000000000000e+01 2.357500000000000000e+02 5.177500000000000000e+02
2.500000000000000000e+01 2.380625000000000000e+02 5.282500000000000000e+02
2.100000000000000000e+01 2.400468750000000000e+02 5.435000000000000000e+02
2.200000000000000000e+01 2.422343750000000000e+02 5.645000000000000000e+02
1.800000000000000000e+01 2.443125000000000000e+02 5.837500000000000000e+02
2.200000000000000000e+01 2.462187500000000000e+02 6.182500000000000000e+02
2.300000000000000000e+01 2.484218750000000000e+02 6.375000000000000000e+02
1.800000000000000000e+01 2.504375000000000000e+02 6.695000000000000000e+02
2.000000000000000000e+01 2.525156250000000000e+02 7.045000000000000000e+02
1.700000000000000000e+01 2.544375000000000000e+02 7.375000000000000000e+02
3.000000000000000000e+01 2.638593750000000000e+02 2.956500000000000000e+03
3.200000000000000000e+01 2.660000000000000000e+02 2.952000000000000000e+03
3.000000000000000000e+01 2.681875000000000000e+02 2.956500000000000000e+03
1.100000000000000000e+01 2.703750000000000000e+02 2.765250000000000000e+03
1.300000000000000000e+01 2.726718750000000000e+02 2.213750000000000000e+03
1.400000000000000000e+01 2.750156250000000000e+02 1.851250000000000000e+03
1.000000000000000000e+01 2.822812500000000000e+02 9.585000000000000000e+02
9.000000000000000000e+00 2.866562500000000000e+02 9.310000000000000000e+02
9.000000000000000000e+00 2.889531250000000000e+02 8.622500000000000000e+02
9.000000000000000000e+00 2.911406250000000000e+02 7.955000000000000000e+02
1.500000000000000000e+01 2.934531250000000000e+02 7.915000000000000000e+02
1.500000000000000000e+01 2.955312500000000000e+02 7.960000000000000000e+02
2.500000000000000000e+01 3.000468750000000000e+02 7.100000000000000000e+02
2.300000000000000000e+01 3.021875000000000000e+02 6.762500000000000000e+02
2.700000000000000000e+01 3.044062500000000000e+02 6.465000000000000000e+02
2.800000000000000000e+01 3.067656250000000000e+02 6.212500000000000000e+02
1.100000000000000000e+01 3.092656250000000000e+02 5.060000000000000000e+02
2.600000000000000000e+01 3.113125000000000000e+02 5.212500000000000000e+02
1.900000000000000000e+01 3.134375000000000000e+02 5.465000000000000000e+02
2.600000000000000000e+01 3.155312500000000000e+02 5.432500000000000000e+02
2.600000000000000000e+01 3.177812500000000000e+02 5.292500000000000000e+02
2.700000000000000000e+01 3.199843750000000000e+02 5.155000000000000000e+02
2.800000000000000000e+01 3.221718750000000000e+02 5.035000000000000000e+02
2.900000000000000000e+01 3.244531250000000000e+02 4.932500000000000000e+02
2.800000000000000000e+01 3.270156250000000000e+02 4.842500000000000000e+02
3.100000000000000000e+01 3.291718750000000000e+02 4.765000000000000000e+02
2.600000000000000000e+01 3.314375000000000000e+02 4.690000000000000000e+02
2.400000000000000000e+01 3.334687500000000000e+02 4.632500000000000000e+02
2.500000000000000000e+01 3.356562500000000000e+02 4.582500000000000000e+02
2.600000000000000000e+01 3.379687500000000000e+02 4.537500000000000000e+02
2.600000000000000000e+01 3.401250000000000000e+02 4.492500000000000000e+02
2.100000000000000000e+01 3.424531250000000000e+02 4.457500000000000000e+02
2.600000000000000000e+01 3.445625000000000000e+02 4.432500000000000000e+02
3.300000000000000000e+01 3.465312500000000000e+02 4.417500000000000000e+02
2.600000000000000000e+01 3.509843750000000000e+02 4.402500000000000000e+02
3.300000000000000000e+01 3.532812500000000000e+02 4.407500000000000000e+02
3.400000000000000000e+01 3.554062500000000000e+02 4.420000000000000000e+02
2.700000000000000000e+01 3.574843750000000000e+02 4.432500000000000000e+02
2.100000000000000000e+01 3.596718750000000000e+02 4.460000000000000000e+02
2.600000000000000000e+01 1.734375000000000000e+00 4.487500000000000000e+02
2.900000000000000000e+01 3.796875000000000000e+00 4.520000000000000000e+02
2.500000000000000000e+01 5.937500000000000000e+00 4.560000000000000000e+02
2.900000000000000000e+01 8.234375000000000000e+00 4.605000000000000000e+02
2.700000000000000000e+01 1.010937500000000000e+01 4.672500000000000000e+02
2.800000000000000000e+01 1.229687500000000000e+01 4.727500000000000000e+02
2.800000000000000000e+01 1.435937500000000000e+01 4.800000000000000000e+02
2.700000000000000000e+01 1.671875000000000000e+01 4.875000000000000000e+02
2.900000000000000000e+01 1.859375000000000000e+01 4.965000000000000000e+02
2.800000000000000000e+01 2.062500000000000000e+01 5.065000000000000000e+02
2.700000000000000000e+01 2.273437500000000000e+01 5.180000000000000000e+02
2.600000000000000000e+01 2.510937500000000000e+01 5.295000000000000000e+02
9.000000000000000000e+00 2.754687500000000000e+01 4.572500000000000000e+02
1.200000000000000000e+01 2.973437500000000000e+01 4.500000000000000000e+02
1.100000000000000000e+01 3.196875000000000000e+01 4.647500000000000000e+02
1.200000000000000000e+01 3.396875000000000000e+01 4.775000000000000000e+02
1.000000000000000000e+01 3.592187500000000000e+01 4.960000000000000000e+02
1.000000000000000000e+01 3.810937500000000000e+01 5.155000000000000000e+02
1.000000000000000000e+01 4.007812500000000000e+01 5.365000000000000000e+02
9.000000000000000000e+00 4.234375000000000000e+01 5.450000000000000000e+02
1.000000000000000000e+01 4.428125000000000000e+01 5.927500000000000000e+02
1.000000000000000000e+01 4.639062500000000000e+01 6.300000000000000000e+02
9.000000000000000000e+00 4.848437500000000000e+01 6.350000000000000000e+02
9.000000000000000000e+00 5.046875000000000000e+01 6.817500000000000000e+02
9.000000000000000000e+00 5.246875000000000000e+01 7.200000000000000000e+02
2.900000000000000000e+01 6.693750000000000000e+01 1.115000000000000000e+03
2.900000000000000000e+01 6.917187500000000000e+01 1.102000000000000000e+03
3.100000000000000000e+01 7.131250000000000000e+01 1.094250000000000000e+03
2.600000000000000000e+01 7.357812500000000000e+01 1.086750000000000000e+03
3.400000000000000000e+01 7.567187500000000000e+01 1.083000000000000000e+03
3.400000000000000000e+01 7.790625000000000000e+01 1.077250000000000000e+03
3.400000000000000000e+01 8.001562500000000000e+01 1.078250000000000000e+03
3.400000000000000000e+01 8.226562500000000000e+01 1.074500000000000000e+03
3.400000000000000000e+01 8.437500000000000000e+01 1.074500000000000000e+03
3.400000000000000000e+01 8.651562500000000000e+01 1.075750000000000000e+03
3.400000000000000000e+01 8.867187500000000000e+01 1.080000000000000000e+03
2.600000000000000000e+01 9.089062500000000000e+01 1.084000000000000000e+03
3.100000000000000000e+01 9.304687500000000000e+01 1.090750000000000000e+03
3.100000000000000000e+01 9.515625000000000000e+01 1.095750000000000000e+03
3.000000000000000000e+01 9.739062500000000000e+01 1.104250000000000000e+03
2.700000000000000000e+01 9.945312500000000000e+01 1.118750000000000000e+03
2.700000000000000000e+01 1.016093750000000000e+02 1.130500000000000000e+03
2.600000000000000000e+01 1.037968750000000000e+02 1.143000000000000000e+03
2.400000000000000000e+01 1.058906250000000000e+02 1.165750000000000000e+03
3.000000000000000000e+01 1.078437500000000000e+02 1.347250000000000000e+03
2.900000000000000000e+01 1.099843750000000000e+02 1.366750000000000000e+03
3.000000000000000000e+01 1.121250000000000000e+02 1.394750000000000000e+03
3.100000000000000000e+01 1.142656250000000000e+02 1.438000000000000000e+03
3.000000000000000000e+01 1.163593750000000000e+02 1.472750000000000000e+03
2.500000000000000000e+01 1.185000000000000000e+02 1.517500000000000000e+03
3.000000000000000000e+01 1.206250000000000000e+02 1.567000000000000000e+03
2.900000000000000000e+01 1.227187500000000000e+02 1.608250000000000000e+03
2.800000000000000000e+01 1.248750000000000000e+02 1.674250000000000000e+03
2.600000000000000000e+01 1.270312500000000000e+02 1.737000000000000000e+03
2.700000000000000000e+01 1.291250000000000000e+02 1.816500000000000000e+03
2.600000000000000000e+01 1.311718750000000000e+02 1.895000000000000000e+03
2.400000000000000000e+01 1.333125000000000000e+02 1.989750000000000000e+03
1.500000000000000000e+01 1.356093750000000000e+02 1.716250000000000000e+03
1.600000000000000000e+01 1.377656250000000000e+02 1.670250000000000000e+03
1.400000000000000000e+01 1.399375000000000000e+02 1.636250000000000000e+03
1.500000000000000000e+01 1.420937500000000000e+02 1.598250000000000000e+03
1.700000000000000000e+01 1.442656250000000000e+02 1.558000000000000000e+03
1.700000000000000000e+01 1.464375000000000000e+02 1.531250000000000000e+03
1.700000000000000000e+01 1.485781250000000000e+02 1.510500000000000000e+03
1.600000000000000000e+01 1.507968750000000000e+02 1.488500000000000000e+03
1.600000000000000000e+01 1.529687500000000000e+02 1.470500000000000000e+03
9.000000000000000000e+00 1.551718750000000000e+02 1.537250000000000000e+03
9.000000000000000000e+00 1.572031250000000000e+02 1.766500000000000000e+03
2.700000000000000000e+01 1.634062500000000000e+02 2.903250000000000000e+03
1.400000000000000000e+01 1.655937500000000000e+02 2.700750000000000000e+03
2.300000000000000000e+01 1.679687500000000000e+02 1.923000000000000000e+03
2.600000000000000000e+01 1.701875000000000000e+02 1.856000000000000000e+03
2.500000000000000000e+01 1.723437500000000000e+02 1.817500000000000000e+03
1.000000000000000000e+01 1.745312500000000000e+02 1.817750000000000000e+03
2.900000000000000000e+01 1.827968750000000000e+02 2.932500000000000000e+03
2.800000000000000000e+01 1.849531250000000000e+02 2.949500000000000000e+03
9.000000000000000000e+00 1.910156250000000000e+02 6.810000000000000000e+02
1.500000000000000000e+01 2.000625000000000000e+02 5.600000000000000000e+02
2.200000000000000000e+01 2.024531250000000000e+02 5.220000000000000000e+02
2.600000000000000000e+01 2.047968750000000000e+02 5.030000000000000000e+02
2.800000000000000000e+01 2.071406250000000000e+02 4.925000000000000000e+02
2.800000000000000000e+01 2.092187500000000000e+02 4.932500000000000000e+02
1.000000000000000000e+01 2.121875000000000000e+02 4.090000000000000000e+02
1.100000000000000000e+01 2.143437500000000000e+02 4.120000000000000000e+02
1.200000000000000000e+01 2.162656250000000000e+02 4.110000000000000000e+02
1.100000000000000000e+01 2.183750000000000000e+02 4.140000000000000000e+02
2.800000000000000000e+01 2.223437500000000000e+02 4.862500000000000000e+02
2.700000000000000000e+01 2.245625000000000000e+02 4.862500000000000000e+02
3.100000000000000000e+01 2.266718750000000000e+02 4.965000000000000000e+02
2.900000000000000000e+01 2.287343750000000000e+02 4.982500000000000000e+02
2.700000000000000000e+01 2.308750000000000000e+02 5.007500000000000000e+02
2.800000000000000000e+01 2.331875000000000000e+02 5.070000000000000000e+02
2.700000000000000000e+01 2.351406250000000000e+02 5.147500000000000000e+02
2.200000000000000000e+01 2.373437500000000000e+02 5.240000000000000000e+02
2.100000000000000000e+01 2.392812500000000000e+02 5.370000000000000000e+02
2.300000000000000000e+01 2.415468750000000000e+02 5.582500000000000000e+02
2.300000000000000000e+01 2.434843750000000000e+02 5.765000000000000000e+02
1.700000000000000000e+01 2.456562500000000000e+02 6.082500000000000000e+02
2.300000000000000000e+01 2.476875000000000000e+02 6.307500000000000000e+02
1.600000000000000000e+01 2.497343750000000000e+02 6.582500000000000000e+02
2.400000000000000000e+01 2.518437500000000000e+02 6.977500000000000000e+02
2.200000000000000000e+01 2.537812500000000000e+02 7.267500000000000000e+02
3.300000000000000000e+01 2.631406250000000000e+02 2.949000000000000000e+03
3.200000000000000000e+01 2.653125000000000000e+02 2.955250000000000000e+03
3.200000000000000000e+01 2.674531250000000000e+02 2.953250000000000000e+03
1.800000000000000000e+01 2.696250000000000000e+02 2.971750000000000000e+03
1.200000000000000000e+01 2.719375000000000000e+02 2.353250000000000000e+03
1.400000000000000000e+01 2.741875000000000000e+02 1.948000000000000000e+03
1.600000000000000000e+01 2.765625000000000000e+02 1.668500000000000000e+03
9.000000000000000000e+00 2.904218750000000000e+02 8.135000000000000000e+02
1.500000000000000000e+01 2.925937500000000000e+02 7.842500000000000000e+02
2.300000000000000000e+01 2.947187500000000000e+02 8.042500000000000000e+02
2.200000000000000000e+01 2.970781250000000000e+02 7.595000000000000000e+02
2.300000000000000000e+01 2.993125000000000000e+02 7.207500000000000000e+02
2.700000000000000000e+01 3.014531250000000000e+02 6.867500000000000000e+02
2.500000000000000000e+01 3.037656250000000000e+02 6.557500000000000000e+02
2.400000000000000000e+01 3.059218750000000000e+02 6.285000000000000000e+02
2.400000000000000000e+01 3.082968750000000000e+02 6.040000000000000000e+02
2.700000000000000000e+01 3.108437500000000000e+02 5.155000000000000000e+02
2.100000000000000000e+01 3.127500000000000000e+02 5.370000000000000000e+02
2.500000000000000000e+01 3.151093750000000000e+02 5.375000000000000000e+02
2.500000000000000000e+01 3.170625000000000000e+02 5.322500000000000000e+02
2.700000000000000000e+01 3.194062500000000000e+02 5.182500000000000000e+02
1.700000000000000000e+01 3.215625000000000000e+02 5.085000000000000000e+02
2.800000000000000000e+01 3.238437500000000000e+02 4.972500000000000000e+02
2.700000000000000000e+01 3.261875000000000000e+02 4.870000000000000000e+02
3.000000000000000000e+01 3.282812500000000000e+02 4.787500000000000000e+02
2.800000000000000000e+01 3.307812500000000000e+02 4.720000000000000000e+02
2.800000000000000000e+01 3.328437500000000000e+02 4.647500000000000000e+02
3.000000000000000000e+01 3.350625000000000000e+02 4.590000000000000000e+02
2.700000000000000000e+01 3.370937500000000000e+02 4.547500000000000000e+02
2.600000000000000000e+01 3.393593750000000000e+02 4.500000000000000000e+02
2.200000000000000000e+01 3.415312500000000000e+02 4.467500000000000000e+02
2.200000000000000000e+01 3.439218750000000000e+02 4.440000000000000000e+02
3.300000000000000000e+01 3.459218750000000000e+02 4.425000000000000000e+02
3.300000000000000000e+01 3.482500000000000000e+02 4.415000000000000000e+02
2.600000000000000000e+01 3.504531250000000000e+02 4.402500000000000000e+02
